EDID BYTES:
0x   00 01 02 03 04 05 06 07 08 09 0A 0B 0C 0D 0E 0F
    ------------------------------------------------
00 | 00 FF FF FF FF FF FF 00 04 21 00 00 00 00 00 00
10 | 01 00 01 03 00 00 00 00 00 00 00 00 00 00 00 00
20 | 00 00 00 00 00 00 01 01 01 01 01 01 01 01 01 01
30 | 01 01 01 01 01 01 64 00 00 00 00 00 00 00 00 00
40 | 00 00 00 00 00 00 00 00 00 00 00 FC 00 0A 0A 0A
50 | 0A 0A 0A 0A 0A 0A 0A 0A 0A 0A 00 00 00 10 00 00
60 | 00 00 00 00 00 00 00 00 00 00 00 00 00 00 00 10
70 | 00 00 00 00 00 00 00 00 00 00 00 00 00 00 00 CA
