Scaler Register
BASE Address: 0x2F00

BANK 0x00
------00--01--02--03--04--05--06--07-|-08--09--0A--0B--0C--0D--0E--0F--
-------------------------------------------------------------------------
-00-  00  00  00  00  00  00  00  10 | 00  00  00  08  00  80  00  00
-10-  00  00  00  00  00  00  00  00 | 00  00  00  00  00  00  00  00
-20-  00  00  00  00  00  00  00  00 | FF  FF  FF  FF  00  00  00  00
-30-  00  00  00  00  00  00  00  00 | 00  00  00  00  00  00  00  00
-40-  00  00  35  69  07  38  31  00 | 00  00  00  00  9E  01  BD  01
-50-  00  00  00  00  00  00  00  00 | 00  00  00  00  00  00  00  00
-60-  00  00  00  00  00  00  E1  00 | 00  00  00  00  42  00  00  00
-70-  00  00  00  00  00  00  00  00 | 00  00  00  00  00  00  00  00
-80-  00  00  00  00  00  00  00  00 | 00  00  00  00  00  00  00  00
-90-  00  00  00  00  00  00  00  00 | 00  00  00  00  00  00  00  00
-A0-  00  00  00  00  00  00  00  00 | 00  00  00  00  00  00  00  00
-B0-  00  00  00  00  00  00  00  00 | 00  00  00  00  00  00  00  00
-C0-  00  00  00  00  00  00  00  00 | 00  00  00  00  00  00  00  00
-D0-  00  00  00  00  00  00  00  00 | 00  00  00  00  00  00  00  00
-E0-  00  00  00  00  00  00  00  00 | 00  00  00  00  00  00  00  00
-F0-  00  00  00  00  00  00  00  00 | 00  00  00  00  00  00  00  00


BANK 0x01
------00--01--02--03--04--05--06--07-|-08--09--0A--0B--0C--0D--0E--0F--
-------------------------------------------------------------------------
-00-  01  00  00  00  07  07  CB  08 | 25  00  DE  00  38  04  80  07
-10-  24  00  03  00  00  00  00  00 | 00  00  00  00  00  00  00  00
-20-  0B  00  00  00  25  00  DE  00 | 5C  04  5D  08  25  00  02  00
-30-  01  1C  59  00  00  00  00  00 | 10  00  05  21  1F  E0  65  04
-40-  B2  00  00  D0  17  2C  00  00 | 00  0C  0C  00  F0  00  24  00
-50-  97  08  00  A0  01  00  01  00 | 10  00  10  00  01  00  00  00
-60-  00  00  00  00  00  00  00  00 | 00  00  00  80  00  00  00  00
-70-  00  00  00  00  00  00  F6  0D | 03  00  00  00  00  00  CB  00
-80-  00  00  00  00  00  00  00  00 | 00  00  00  00  00  00  00  00
-90-  00  00  00  00  00  00  00  00 | 00  00  00  00  00  00  00  00
-A0-  00  00  00  00  00  00  00  00 | 00  00  00  00  00  00  00  00
-B0-  00  00  00  00  00  00  00  00 | 00  00  00  00  00  00  00  00
-C0-  00  00  00  00  00  00  00  00 | 00  00  00  00  00  00  00  00
-D0-  00  00  00  00  00  00  00  00 | 00  00  00  00  00  00  00  00
-E0-  00  00  00  00  00  00  00  00 | 00  00  00  00  00  00  00  00
-F0-  00  00  00  00  00  00  00  00 | 00  00  00  00  00  00  00  00


BANK 0x02
------00--01--02--03--04--05--06--07-|-08--09--0A--0B--0C--0D--0E--0F--
-------------------------------------------------------------------------
-00-  02  00  00  00  00  00  00  00 | 00  00  10  C0  00  00  00  00
-10-  00  00  00  00  80  00  04  00 | 00  00  00  00  00  00  00  00
-20-  00  00  D0  02  E0  01  40  00 | 20  00  00  00  00  00  00  00
-30-  80  00  00  00  00  00  00  00 | 00  00  00  00  00  00  00  00
-40-  00  00  00  00  00  00  80  00 | 00  00  00  00  00  00  00  00
-50-  00  00  00  00  00  00  00  00 | 00  00  00  00  00  00  00  00
-60-  00  00  00  00  00  00  00  00 | 00  00  00  00  00  00  00  00
-70-  00  00  38  04  00  00  00  00 | 00  00  00  00  80  07  38  04
-80-  00  00  00  00  00  00  00  00 | 00  00  00  00  00  00  00  00
-90-  00  00  00  00  00  00  00  00 | 00  00  00  00  00  00  00  00
-A0-  00  00  00  00  00  00  00  00 | 00  00  00  00  00  00  00  00
-B0-  00  00  00  00  00  00  00  00 | 00  00  00  00  00  00  00  00
-C0-  00  00  08  18  00  00  00  00 | 00  00  00  00  00  00  00  00
-D0-  C0  03  4F  0A  01  00  00  00 | 00  00  00  80  00  40  AA  00
-E0-  00  00  00  00  00  00  00  00 | 00  00  00  00  00  00  00  00
-F0-  00  00  00  00  00  00  00  00 | 00  00  00  00  FF  00  00  00


BANK 0x03
------00--01--02--03--04--05--06--07-|-08--09--0A--0B--0C--0D--0E--0F--
-------------------------------------------------------------------------
-00-  03  00  00  00  00  00  00  00 | 00  00  00  00  00  00  00  00
-10-  00  00  00  00  00  00  00  00 | 00  00  00  00  00  00  00  00
-20-  00  00  00  00  00  00  00  00 | 00  00  00  00  00  00  00  00
-30-  00  00  00  00  00  00  00  00 | 00  00  00  00  00  00  00  00
-40-  00  00  00  00  00  00  00  00 | 00  00  00  00  00  00  00  00
-50-  00  00  00  00  00  00  00  00 | 00  00  00  00  00  00  00  00
-60-  00  00  00  00  00  00  00  00 | 00  00  00  00  00  00  00  00
-70-  00  00  00  00  00  00  00  00 | 00  00  00  00  00  00  00  00
-80-  00  00  00  00  00  00  00  00 | 00  00  00  00  00  00  00  00
-90-  00  00  00  00  00  00  00  00 | 00  00  00  00  00  00  00  00
-A0-  00  00  00  00  00  00  00  00 | 00  00  00  00  00  00  00  00
-B0-  00  00  00  00  00  00  00  00 | 00  00  00  00  00  00  00  00
-C0-  00  00  00  00  00  00  00  00 | 00  00  00  00  00  00  00  00
-D0-  00  00  00  00  00  00  00  00 | 00  00  00  00  00  00  00  00
-E0-  00  00  00  00  00  00  00  00 | 00  00  00  00  00  00  00  00
-F0-  00  00  00  00  00  00  00  00 | 00  00  00  00  00  00  00  00


BANK 0x04
------00--01--02--03--04--05--06--07-|-08--09--0A--0B--0C--0D--0E--0F--
-------------------------------------------------------------------------
-00-  04  00  00  00  00  00  00  00 | 00  00  00  00  00  00  00  00
-10-  00  00  00  00  00  00  00  00 | 00  00  00  00  00  00  00  00
-20-  00  00  00  00  00  00  00  00 | 00  00  00  00  00  00  00  00
-30-  00  00  00  00  00  00  00  00 | 00  00  00  00  00  00  00  00
-40-  00  00  00  00  00  00  00  00 | 00  00  00  00  00  00  00  00
-50-  00  00  00  00  00  00  00  00 | 00  00  00  00  00  00  00  00
-60-  00  00  00  00  00  00  00  00 | 00  00  00  00  00  00  00  00
-70-  00  00  00  00  00  00  00  00 | 00  00  00  00  00  00  00  00
-80-  00  00  00  00  00  00  00  00 | 00  00  00  00  00  00  00  00
-90-  00  00  00  00  00  00  00  00 | 00  00  00  00  00  00  00  00
-A0-  00  00  00  00  00  00  00  00 | 00  00  00  00  00  00  00  00
-B0-  00  00  00  00  00  00  00  00 | 00  00  00  00  00  00  00  00
-C0-  00  00  00  00  00  00  00  00 | 00  00  00  00  00  00  00  00
-D0-  00  00  00  00  00  00  00  00 | 00  00  00  00  00  00  00  00
-E0-  00  00  00  00  00  00  00  00 | 00  00  00  00  00  00  00  00
-F0-  00  00  00  00  00  00  00  00 | 00  00  00  00  00  00  00  00


BANK 0x05
------00--01--02--03--04--05--06--07-|-08--09--0A--0B--0C--0D--0E--0F--
-------------------------------------------------------------------------
-00-  05  00  00  00  00  00  00  00 | 00  00  00  00  00  00  00  00
-10-  00  00  00  00  00  00  53  00 | 00  00  00  00  00  00  00  00
-20-  00  00  00  00  00  00  00  00 | 00  00  00  00  00  00  00  00
-30-  00  00  00  00  00  00  00  00 | 00  00  00  00  00  00  00  00
-40-  00  00  00  00  00  00  00  00 | 00  00  00  00  00  00  00  00
-50-  00  00  00  00  00  00  00  00 | 00  00  00  00  00  00  00  00
-60-  00  00  00  00  00  00  00  00 | 00  00  00  00  00  00  00  00
-70-  00  00  00  00  00  00  00  00 | 00  00  00  00  00  00  00  00
-80-  00  00  00  00  00  00  00  00 | 00  00  00  00  00  00  00  00
-90-  00  00  00  00  00  00  00  00 | 00  00  00  00  00  00  00  00
-A0-  00  00  00  00  00  00  00  00 | 00  00  00  00  00  00  00  00
-B0-  00  00  00  00  00  00  00  00 | 00  00  F0  00  00  00  00  00
-C0-  00  00  00  00  00  00  00  00 | 00  00  00  00  00  00  00  00
-D0-  00  00  00  00  00  00  00  00 | 00  00  00  00  00  00  00  00
-E0-  00  00  00  00  00  00  00  00 | 00  00  00  00  00  00  00  00
-F0-  00  00  00  00  00  00  00  00 | 00  00  00  00  00  00  00  00


BANK 0x06
------00--01--02--03--04--05--06--07-|-08--09--0A--0B--0C--0D--0E--0F--
-------------------------------------------------------------------------
-00-  06  00  00  00  00  00  00  00 | 00  00  00  00  00  00  00  00
-10-  00  00  00  00  00  00  00  00 | 00  00  00  00  00  00  00  00
-20-  00  00  00  00  00  00  00  00 | 00  00  00  00  00  00  00  00
-30-  00  00  00  00  00  00  00  00 | 00  00  00  00  00  00  00  00
-40-  00  00  00  00  01  00  00  00 | 33  00  00  00  00  00  00  00
-50-  00  00  00  00  00  00  00  00 | 00  00  00  00  00  00  00  00
-60-  00  00  00  00  00  00  00  00 | 00  00  00  00  00  00  00  00
-70-  00  00  00  00  00  00  00  00 | 00  00  00  00  00  00  00  00
-80-  00  00  00  00  00  00  00  00 | 00  00  00  00  00  00  00  00
-90-  00  00  00  00  00  00  00  00 | 00  00  00  00  00  00  00  00
-A0-  00  00  00  00  00  00  00  00 | 00  00  00  00  00  00  00  00
-B0-  00  00  00  00  00  00  00  00 | 00  00  00  00  00  00  00  00
-C0-  00  00  00  00  00  00  00  00 | 00  00  00  00  00  00  00  00
-D0-  00  00  00  00  00  00  00  00 | 00  00  00  00  00  00  00  00
-E0-  00  00  00  00  00  00  00  00 | 00  00  00  00  68  01  F0  00
-F0-  00  00  00  00  80  07  38  04 | 00  00  00  00  00  00  00  00


BANK 0x07
------00--01--02--03--04--05--06--07-|-08--09--0A--0B--0C--0D--0E--0F--
-------------------------------------------------------------------------
-00-  07  00  00  00  00  00  00  00 | 00  00  00  00  00  00  00  00
-10-  00  00  00  00  00  00  00  00 | 00  00  00  00  00  00  00  00
-20-  00  00  00  00  00  00  00  00 | 00  00  00  00  00  00  00  00
-30-  00  00  00  00  00  00  00  00 | 00  00  00  00  00  00  00  00
-40-  00  00  00  00  00  00  00  00 | 00  00  00  00  00  00  00  00
-50-  00  00  00  00  00  00  00  00 | 00  00  00  00  00  00  00  00
-60-  00  00  00  00  00  00  00  00 | 00  00  00  00  00  00  00  00
-70-  00  00  00  00  00  00  00  00 | 00  00  00  00  00  00  00  00
-80-  00  00  00  00  00  00  00  00 | 00  00  00  00  00  00  00  00
-90-  00  00  00  00  00  00  00  00 | 00  00  00  00  00  00  00  00
-A0-  00  00  00  00  00  00  00  00 | 00  00  00  00  00  00  00  00
-B0-  00  00  00  00  00  00  00  00 | 00  00  00  00  00  00  00  00
-C0-  00  00  00  00  00  00  00  00 | 00  00  00  00  00  00  00  00
-D0-  00  00  00  00  00  00  00  00 | 00  00  00  00  00  00  00  00
-E0-  00  00  00  00  00  00  00  00 | 00  00  00  00  00  00  00  00
-F0-  00  00  00  00  00  00  00  00 | 00  00  00  00  00  00  00  00


BANK 0x08
------00--01--02--03--04--05--06--07-|-08--09--0A--0B--0C--0D--0E--0F--
-------------------------------------------------------------------------
-00-  08  00  00  00  00  00  00  00 | 00  00  00  00  00  00  00  00
-10-  00  00  00  00  00  00  00  00 | 00  00  00  00  00  00  00  00
-20-  00  00  00  00  00  00  00  00 | 00  00  00  00  00  00  00  00
-30-  00  00  00  00  00  00  00  00 | 00  00  00  00  00  00  00  00
-40-  00  00  00  00  00  00  00  00 | 00  00  00  00  00  00  00  00
-50-  00  00  00  00  00  00  00  00 | 00  00  00  00  00  00  00  00
-60-  00  00  00  00  00  00  00  00 | 00  00  00  00  00  00  00  00
-70-  00  00  00  00  00  00  00  00 | 00  00  00  00  00  00  00  00
-80-  00  00  00  00  00  00  00  00 | 00  00  00  00  00  00  00  00
-90-  00  00  00  00  00  00  00  00 | 00  00  00  00  00  00  00  00
-A0-  00  00  00  00  00  00  00  00 | 00  00  00  00  00  00  00  00
-B0-  00  00  00  00  00  00  00  00 | 00  00  00  00  00  00  00  00
-C0-  00  00  00  00  00  00  00  00 | 00  00  00  00  00  00  00  00
-D0-  00  00  00  00  00  00  00  00 | 00  00  00  00  00  00  00  00
-E0-  00  00  00  00  00  00  00  00 | 00  00  00  00  00  00  00  00
-F0-  00  00  00  00  00  00  00  00 | 00  00  00  00  00  00  00  00


BANK 0x09
------00--01--02--03--04--05--06--07-|-08--09--0A--0B--0C--0D--0E--0F--
-------------------------------------------------------------------------
-00-  09  00  00  00  00  00  00  00 | 00  00  00  00  00  00  00  00
-10-  00  00  00  00  00  00  00  00 | 00  00  00  00  00  00  00  00
-20-  00  00  00  00  00  00  00  00 | 00  00  00  00  00  00  00  00
-30-  00  00  00  00  00  00  00  00 | 00  00  00  00  00  00  00  00
-40-  00  00  00  00  00  00  00  00 | 00  00  00  00  00  00  00  00
-50-  00  00  00  00  00  00  00  00 | 00  00  00  00  00  00  00  00
-60-  00  00  00  00  00  00  00  00 | 00  00  00  00  00  00  00  00
-70-  00  00  00  00  00  00  00  00 | 00  00  00  00  00  00  00  00
-80-  00  00  00  00  00  00  00  00 | 00  00  00  00  00  00  00  00
-90-  00  00  00  00  00  00  00  00 | 00  00  00  00  00  00  00  00
-A0-  00  00  00  00  00  00  00  00 | 00  00  00  00  00  00  00  00
-B0-  00  00  00  00  00  00  00  00 | 00  00  00  00  00  00  00  00
-C0-  00  00  00  00  00  00  00  00 | 00  00  00  00  00  00  00  00
-D0-  00  00  00  00  00  00  00  00 | 00  00  00  00  00  00  00  00
-E0-  00  00  00  00  00  00  00  00 | 00  00  00  00  00  00  00  00
-F0-  00  00  00  00  00  00  00  00 | 00  00  00  00  00  00  00  00


BANK 0x0A
------00--01--02--03--04--05--06--07-|-08--09--0A--0B--0C--0D--0E--0F--
-------------------------------------------------------------------------
-00-  0A  00  00  00  22  02  02  02 | 00  00  00  00  08  A8  00  00
-10-  84  38  04  0A  CE  97  76  12 | 66  66  00  18  FF  FF  00  00
-20-  F0  0C  EE  14  D8  00  03  C0 | 00  00  AE  14  D8  00  03  C0
-30-  00  00  00  00  09  00  50  05 | FF  03  0F  00  51  30  00  08
-40-  00  00  00  00  44  80  00  00 | 00  10  08  08  20  00  00  00
-50-  00  10  08  08  20  00  00  00 | 22  00  0E  00  00  00  00  00
-60-  00  00  00  00  02  02  08  08 | 08  08  04  01  10  7F  08  7F
-70-  84  38  04  02  00  00  00  00 | FF  FF  FF  FF  FF  FF  04  00
-80-  FF  FF  00  00  FF  FF  00  00 | 00  00  00  00  00  00  00  00
-90-  00  00  00  00  00  00  00  00 | 00  00  00  00  00  00  00  00
-A0-  FF  FF  00  00  FF  FF  00  00 | 88  10  80  80  A0  A0  08  7F
-B0-  80  80  A0  80  08  7F  00  00 | 00  00  00  00  00  00  00  00
-C0-  08  20  58  00  00  00  00  00 | 00  00  00  00  00  00  00  00
-D0-  00  00  00  00  00  00  00  00 | 00  00  00  00  00  00  00  00
-E0-  00  00  00  00  00  00  00  00 | 00  00  00  00  00  00  00  00
-F0-  00  00  00  00  00  00  00  00 | 00  00  00  00  00  00  00  00


BANK 0x0B
------00--01--02--03--04--05--06--07-|-08--09--0A--0B--0C--0D--0E--0F--
-------------------------------------------------------------------------
-00-  0B  00  00  00  00  00  00  00 | 00  00  00  00  00  00  00  00
-10-  00  00  00  00  00  00  00  00 | 00  00  00  00  00  00  00  00
-20-  00  00  00  00  00  00  00  00 | 00  00  00  00  00  00  00  00
-30-  00  00  00  00  00  00  00  00 | 00  00  00  00  00  00  00  00
-40-  00  00  00  00  00  00  00  00 | 00  00  00  00  00  00  00  00
-50-  00  00  00  00  00  00  00  00 | 00  00  00  00  00  00  00  00
-60-  00  00  00  00  00  00  00  00 | 00  00  00  00  00  00  00  00
-70-  00  00  00  00  00  00  00  00 | 00  00  00  00  00  00  00  00
-80-  00  00  00  00  00  00  00  00 | 00  00  00  00  00  00  00  00
-90-  00  00  00  00  00  00  00  00 | 00  00  00  00  00  00  00  00
-A0-  00  00  00  00  00  00  00  00 | 00  00  00  00  00  00  00  00
-B0-  00  00  00  00  00  00  00  00 | 00  00  00  00  00  00  00  00
-C0-  00  00  00  00  00  00  00  00 | 00  00  00  00  00  00  00  00
-D0-  00  00  00  00  00  00  00  00 | 00  00  00  00  00  00  00  00
-E0-  00  00  00  00  00  00  00  00 | 00  00  00  00  00  00  00  00
-F0-  00  00  00  00  00  00  00  00 | 00  00  00  00  00  00  00  00


BANK 0x0C
------00--01--02--03--04--05--06--07-|-08--09--0A--0B--0C--0D--0E--0F--
-------------------------------------------------------------------------
-00-  0C  00  00  00  00  00  00  00 | 00  00  00  00  00  00  00  00
-10-  00  00  00  00  00  00  00  00 | 00  00  03  01  9F  05  19  09
-20-  67  3F  0F  0F  00  00  00  00 | EF  CD  AB  89  67  45  23  01
-30-  00  00  00  00  00  00  00  00 | 00  00  00  01  00  00  00  01
-40-  00  00  00  00  00  00  00  00 | 00  00  00  01  00  00  00  01
-50-  08  08  06  00  06  00  00  00 | 08  08  06  00  06  00  00  00
-60-  00  00  00  08  00  00  00  00 | 00  00  00  00  00  00  00  00
-70-  64  66  09  08  66  02  09  07 | 47  05  00  00  0A  00  00  00
-80-  67  07  42  00  12  04  67  03 | 42  00  18  00  12  04  00  00
-90-  EF  CD  AB  89  67  45  23  01 | EF  CD  AB  89  67  45  23  01
-A0-  03  00  01  00  00  00  00  00 | 00  00  22  00  00  00  00  00
-B0-  00  00  00  00  00  00  00  00 | 30  96  CB  AA  AA  AA  AA  AA
-C0-  10  56  00  00  35  00  08  08 | 02  07  02  07  01  00  00  00
-D0-  00  00  00  00  35  00  08  08 | 10  32  54  76  98  BA  DC  FE
-E0-  00  13  93  1E  02  3F  02  1E | 13  1E  02  3F  02  1E  00  00
-F0-  98  98  98  BA  FF  FF  FF  FF | EF  CD  AB  89  67  45  23  01


BANK 0x0D
------00--01--02--03--04--05--06--07-|-08--09--0A--0B--0C--0D--0E--0F--
-------------------------------------------------------------------------
-00-  0D  00  00  00  00  00  00  00 | 00  00  00  00  00  00  00  00
-10-  00  00  00  00  00  00  00  00 | 00  00  00  00  00  00  00  00
-20-  00  00  00  00  00  00  00  00 | 00  00  00  00  00  00  00  00
-30-  00  00  00  00  00  00  00  00 | 00  00  00  00  00  00  00  00
-40-  00  00  00  00  00  00  00  00 | 00  00  00  00  00  00  00  00
-50-  00  00  00  00  00  00  00  00 | 00  00  00  00  00  00  00  00
-60-  00  00  00  00  00  00  00  00 | 00  00  00  00  00  00  00  00
-70-  00  00  00  00  00  00  00  00 | 00  00  00  00  00  00  00  00
-80-  00  00  00  00  00  00  00  00 | 00  00  00  00  00  00  00  00
-90-  00  00  00  00  00  00  00  00 | 00  00  00  00  00  00  00  00
-A0-  00  00  00  00  00  00  00  00 | 00  00  00  00  00  00  00  00
-B0-  00  00  00  00  00  00  00  00 | 00  00  00  00  00  00  00  00
-C0-  00  00  00  00  00  00  00  00 | 00  00  00  00  00  00  00  00
-D0-  00  00  00  00  00  00  00  00 | 00  00  00  00  00  00  00  00
-E0-  00  00  00  00  00  00  00  00 | 00  00  00  00  00  00  00  00
-F0-  00  00  00  00  00  00  00  00 | 00  00  00  00  00  00  00  00


BANK 0x0E
------00--01--02--03--04--05--06--07-|-08--09--0A--0B--0C--0D--0E--0F--
-------------------------------------------------------------------------
-00-  0E  00  00  00  00  00  00  00 | 00  00  00  00  00  00  00  00
-10-  00  00  00  00  00  00  00  00 | 00  00  00  00  00  00  00  00
-20-  00  00  00  00  00  00  00  00 | 00  00  00  00  00  00  00  00
-30-  00  00  00  00  00  00  00  00 | 00  00  00  00  00  00  00  00
-40-  00  00  00  00  00  00  00  00 | 00  00  00  00  00  00  00  00
-50-  00  00  00  00  00  00  00  00 | 00  00  00  00  00  00  00  00
-60-  00  00  00  00  00  00  00  00 | 00  00  00  00  00  00  00  00
-70-  00  00  00  00  00  00  00  00 | 00  00  00  00  00  00  00  00
-80-  00  00  00  00  00  00  00  00 | 00  00  00  00  00  00  00  00
-90-  00  00  00  00  00  00  00  00 | 00  00  00  00  00  00  00  00
-A0-  00  00  00  00  00  00  00  00 | 00  00  00  00  00  00  00  00
-B0-  00  00  00  00  00  00  00  00 | 00  00  00  00  00  00  00  00
-C0-  00  00  00  00  00  00  00  00 | 00  00  00  00  00  00  00  00
-D0-  00  00  00  00  00  00  00  00 | 00  00  00  00  00  00  00  00
-E0-  00  00  00  00  00  00  00  00 | 00  00  00  00  00  00  00  00
-F0-  00  00  00  00  00  00  00  00 | 00  00  00  00  00  00  00  00


BANK 0x0F
------00--01--02--03--04--05--06--07-|-08--09--0A--0B--0C--0D--0E--0F--
-------------------------------------------------------------------------
-00-  0F  00  00  00  00  00  00  00 | 03  00  00  00  04  00  84  00
-10-  D9  05  00  00  FF  02  00  00 | 00  00  00  00  06  00  00  00
-20-  00  00  00  00  06  00  00  00 | 00  00  00  00  06  00  00  03
-30-  00  F4  00  00  00  00  00  00 | 00  00  00  00  00  00  00  00
-40-  00  00  00  00  00  00  00  00 | 00  00  00  00  00  55  08  70
-50-  4A  00  26  00  00  00  00  00 | 00  00  59  03  00  03  A9  01
-60-  00  04  00  04  00  04  00  04 | 00  04  00  04  F8  03  F8  03
-70-  F8  03  00  04  00  04  00  04 | 00  00  00  00  00  00  00  00
-80-  00  00  00  00  00  00  00  00 | 00  00  00  00  00  00  00  00
-90-  00  00  00  00  00  00  00  00 | 00  00  00  00  00  00  00  00
-A0-  00  00  00  00  00  00  00  00 | FF  02  01  03  02  00  00  00
-B0-  00  00  00  00  00  00  00  00 | 00  00  00  00  00  00  00  00
-C0-  00  00  00  00  00  00  00  00 | FF  03  00  00  FF  03  00  00
-D0-  FF  03  00  00  00  00  00  00 | 00  80  80  00  00  80  00  80
-E0-  00  00  00  00  00  00  00  00 | 00  00  00  00  00  00  00  00
-F0-  00  00  00  00  00  00  00  00 | 00  00  00  00  00  00  00  00


BANK 0x10
------00--01--02--03--04--05--06--07-|-08--09--0A--0B--0C--0D--0E--0F--
-------------------------------------------------------------------------
-00-  10  00  31  00  4E  03  53  03 | 84  00  D9  05  00  00  FF  02
-10-  84  00  D9  05  00  00  FF  02 | 3F  06  74  03  3F  06  00  00
-20-  00  40  00  00  20  08  00  10 | 00  00  00  00  00  01  00  00
-30-  00  00  00  00  00  00  00  2D | 00  01  00  00  17  00  00  00
-40-  00  00  00  00  00  00  A0  0F | 03  00  DB  08  57  07  C3  04
-50-  00  00  D0  1D  C3  04  20  1F | 00  00  C3  04  A8  08  35  00
-60-  03  03  00  00  74  03  00  00 | E7  00  00  00  06  00  00  00
-70-  00  00  00  00  00  00  00  00 | 00  00  00  00  00  00  00  00
-80-  00  01  00  00  32  00  00  00 | 00  00  00  00  00  40  00  00
-90-  00  00  FF  20  00  00  44  55 | 24  00  44  55  24  00  00  00
-A0-  11  00  00  00  00  00  00  00 | 00  00  00  00  00  00  00  00
-B0-  00  00  00  00  00  00  00  00 | 00  00  00  00  00  00  00  00
-C0-  00  00  00  00  00  00  00  00 | 07  00  00  00  00  00  00  00
-D0-  00  00  00  00  00  00  00  00 | FF  00  00  00  F0  0F  F0  0F
-E0-  F0  0F  00  00  00  00  00  00 | 00  00  00  00  00  00  00  00
-F0-  00  00  00  00  F0  0F  F0  0F | F0  0F  F0  0F  F0  0F  F0  0F


BANK 0x11
------00--01--02--03--04--05--06--07-|-08--09--0A--0B--0C--0D--0E--0F--
-------------------------------------------------------------------------
-00-  11  00  00  00  00  00  00  00 | 00  00  00  00  00  00  00  00
-10-  00  00  00  00  00  00  00  00 | 00  00  00  00  00  00  00  00
-20-  00  00  00  00  00  00  00  00 | 00  00  00  00  00  00  00  00
-30-  00  00  00  00  00  00  00  00 | 00  00  00  00  00  00  00  00
-40-  00  00  00  00  00  00  00  00 | 00  00  00  00  00  00  00  00
-50-  00  00  00  00  00  00  00  00 | 00  00  00  00  00  00  00  00
-60-  00  00  00  00  00  00  00  00 | 00  00  00  00  00  00  00  00
-70-  00  00  00  00  00  00  00  00 | 00  00  00  00  00  00  00  00
-80-  00  00  00  00  00  00  00  00 | 00  00  00  00  00  00  00  00
-90-  00  00  00  00  00  00  00  00 | 00  00  00  00  00  00  00  00
-A0-  00  00  00  00  00  00  00  00 | 00  00  00  00  00  00  00  00
-B0-  00  00  00  00  00  00  00  00 | 00  00  00  00  00  00  00  00
-C0-  00  00  00  00  00  00  00  00 | 00  00  00  00  00  00  00  00
-D0-  00  00  00  00  00  00  00  00 | 00  00  00  00  00  00  00  00
-E0-  00  00  00  00  00  00  00  00 | 00  00  00  00  00  00  00  00
-F0-  00  00  00  00  00  00  00  00 | 00  00  00  00  00  00  00  00


BANK 0x12
------00--01--02--03--04--05--06--07-|-08--09--0A--0B--0C--0D--0E--0F--
-------------------------------------------------------------------------
-00-  12  00  00  21  00  00  00  08 | 02  00  00  00  00  00  88  20
-10-  00  00  64  00  00  00  64  00 | 00  00  00  00  80  07  80  07
-20-  F0  D5  64  00  F0  55  72  00 | 00  00  00  00  80  07  10  07
-30-  38  84  02  10  FF  FF  7E  80 | 00  00  00  00  00  00  00  00
-40-  18  18  18  18  28  28  28  28 | 38  00  28  28  00  00  89  00
-50-  00  00  00  00  10  10  20  22 | 12  02  12  00  14  12  14  00
-60-  00  00  16  14  16  00  40  00 | 00  00  00  00  00  00  D0  02
-70-  00  00  00  80  00  0B  A6  02 | 00  00  00  BB  FF  FF  00  00
-80-  0B  00  00  00  00  00  00  08 | 00  00  00  00  00  00  00  00
-90-  00  00  00  00  00  00  00  00 | 00  00  00  00  00  00  00  00
-A0-  00  00  00  00  00  00  00  00 | 00  00  00  00  00  04  D0  02
-B0-  00  00  00  00  00  00  00  00 | 00  00  00  00  00  00  00  00
-C0-  00  00  00  00  00  00  00  00 | 00  00  00  00  00  00  01  00
-D0-  00  00  00  00  00  00  00  00 | 12  02  12  00  14  12  14  00
-E0-  00  00  00  00  16  14  16  00 | 00  00  00  00  00  00  00  00
-F0-  00  00  00  00  00  00  00  00 | 00  00  00  B0  00  00  00  00


BANK 0x13
------00--01--02--03--04--05--06--07-|-08--09--0A--0B--0C--0D--0E--0F--
-------------------------------------------------------------------------
-00-  13  00  00  00  00  00  00  00 | 00  00  00  00  00  00  00  00
-10-  00  00  00  00  00  00  00  00 | 00  00  00  00  00  00  00  00
-20-  00  00  00  00  00  00  00  00 | 00  00  00  00  00  00  00  00
-30-  00  00  00  00  00  00  00  00 | 00  00  00  00  00  00  00  00
-40-  00  00  00  00  00  00  00  00 | 00  00  00  00  00  00  00  00
-50-  00  00  00  00  00  00  00  00 | 00  00  00  00  00  00  00  00
-60-  00  00  00  00  00  00  00  00 | 00  00  00  00  00  00  00  00
-70-  00  00  00  00  00  00  00  00 | 00  00  00  00  00  00  00  00
-80-  00  00  00  00  00  00  00  00 | 00  00  00  00  00  00  00  00
-90-  00  00  00  00  00  00  00  00 | 00  00  00  00  00  00  00  00
-A0-  00  00  00  00  00  00  00  00 | 00  00  00  00  00  00  00  00
-B0-  00  00  00  00  00  00  00  00 | 00  00  00  00  00  00  00  00
-C0-  00  00  00  00  00  00  00  00 | 00  00  00  00  00  00  00  00
-D0-  00  00  00  00  00  00  00  00 | 00  00  00  00  00  00  00  00
-E0-  00  00  00  00  00  00  00  00 | 00  00  00  00  00  00  00  00
-F0-  00  00  00  00  00  00  00  00 | 00  00  00  00  00  00  00  00


BANK 0x14
------00--01--02--03--04--05--06--07-|-08--09--0A--0B--0C--0D--0E--0F--
-------------------------------------------------------------------------
-00-  14  00  00  00  00  00  00  00 | 00  00  00  00  00  00  00  00
-10-  00  00  00  00  00  00  00  00 | 00  00  00  00  00  00  00  00
-20-  00  00  00  00  00  00  00  00 | 00  00  00  00  00  00  00  00
-30-  00  00  00  00  00  00  00  00 | 00  00  00  00  00  00  00  00
-40-  00  00  00  00  00  00  00  00 | 00  00  00  00  00  00  00  00
-50-  00  00  00  00  00  00  00  00 | 00  00  00  00  00  00  00  00
-60-  00  00  00  00  00  00  00  00 | 00  00  00  00  00  00  00  00
-70-  00  00  00  00  00  00  00  00 | 00  00  00  00  00  00  00  00
-80-  00  00  00  00  00  00  00  00 | 00  00  00  00  00  00  00  00
-90-  00  00  00  00  00  00  00  00 | 00  00  00  00  00  00  00  00
-A0-  00  00  00  00  00  00  00  00 | 00  00  00  00  00  00  00  00
-B0-  00  00  00  00  00  00  00  00 | 00  00  00  00  00  00  00  00
-C0-  00  00  00  00  00  00  00  00 | 00  00  00  00  00  00  00  00
-D0-  00  00  00  00  00  00  00  00 | 00  00  00  00  00  00  00  00
-E0-  00  00  00  00  00  00  00  00 | 00  00  00  00  00  00  00  00
-F0-  00  00  00  00  00  00  00  00 | 00  00  00  00  00  00  00  00


BANK 0x15
------00--01--02--03--04--05--06--07-|-08--09--0A--0B--0C--0D--0E--0F--
-------------------------------------------------------------------------
-00-  15  00  00  00  00  00  00  00 | 00  00  00  00  00  00  00  00
-10-  00  00  00  00  00  00  00  00 | 00  00  00  00  00  00  00  00
-20-  00  00  00  00  00  00  00  00 | 00  00  00  00  00  00  00  00
-30-  00  00  00  00  00  00  00  00 | 00  00  00  00  00  00  00  00
-40-  00  00  00  00  00  00  00  00 | 00  00  00  00  00  00  00  00
-50-  00  00  00  00  00  00  00  00 | 00  00  00  00  00  00  00  00
-60-  00  00  00  00  00  00  00  00 | 00  00  00  00  00  00  00  00
-70-  00  00  00  00  00  00  00  00 | 00  00  00  00  00  00  00  00
-80-  00  00  00  00  00  00  00  00 | 00  00  00  00  00  00  00  00
-90-  00  00  00  00  00  00  00  00 | 00  00  00  00  00  00  00  00
-A0-  00  00  00  00  00  00  00  00 | 00  00  00  00  00  00  00  00
-B0-  00  00  00  00  00  00  00  00 | 00  00  00  00  00  00  00  00
-C0-  00  00  00  00  00  00  00  00 | 00  00  00  00  00  00  00  00
-D0-  00  00  00  00  00  00  00  00 | 00  00  00  00  00  00  00  00
-E0-  00  00  00  00  00  00  00  00 | 00  00  00  00  00  00  00  00
-F0-  00  00  00  00  00  00  00  00 | 00  00  00  00  00  00  00  00


BANK 0x16
------00--01--02--03--04--05--06--07-|-08--09--0A--0B--0C--0D--0E--0F--
-------------------------------------------------------------------------
-00-  16  00  00  00  00  00  00  00 | 00  00  00  00  00  00  00  00
-10-  00  00  00  00  00  00  00  00 | 00  00  00  00  00  00  00  00
-20-  00  00  00  00  00  00  00  00 | 00  00  00  00  00  00  00  00
-30-  00  00  00  00  00  00  00  00 | 00  00  00  00  00  00  00  00
-40-  00  00  00  00  00  00  00  00 | 00  00  00  00  00  00  00  00
-50-  00  00  00  00  00  00  00  00 | 00  00  00  00  00  00  00  00
-60-  00  00  00  00  00  00  00  00 | 00  00  00  00  00  00  00  00
-70-  00  00  00  00  00  00  00  00 | 00  00  00  00  00  00  00  00
-80-  00  00  00  00  00  00  00  00 | 00  00  00  00  00  00  00  00
-90-  00  00  00  00  00  00  00  00 | 00  00  00  00  00  00  00  00
-A0-  00  00  00  00  00  00  00  00 | 00  00  00  00  00  00  00  00
-B0-  00  00  00  00  00  00  00  00 | 00  00  00  00  00  00  00  00
-C0-  00  00  00  00  00  00  00  00 | 00  00  00  00  00  00  00  00
-D0-  00  00  00  00  00  00  00  00 | 00  00  00  00  00  00  00  00
-E0-  00  00  00  00  00  00  00  00 | 00  00  00  00  00  00  00  00
-F0-  00  00  00  00  00  00  00  00 | 00  00  00  00  00  00  00  00


BANK 0x17
------00--01--02--03--04--05--06--07-|-08--09--0A--0B--0C--0D--0E--0F--
-------------------------------------------------------------------------
-00-  17  00  00  00  00  00  00  00 | 00  00  00  00  00  00  00  00
-10-  00  00  00  00  00  00  00  00 | 00  00  00  00  00  00  00  00
-20-  00  00  00  00  00  00  00  00 | 00  00  00  00  00  00  00  00
-30-  00  00  00  00  00  00  00  00 | 00  00  00  00  00  00  00  00
-40-  00  00  00  00  00  00  00  00 | 00  00  00  00  00  00  00  00
-50-  00  00  00  00  00  00  00  00 | 00  00  00  00  00  00  00  00
-60-  00  00  00  00  00  00  00  00 | 00  00  00  00  00  00  00  00
-70-  00  00  00  00  00  00  00  00 | 00  00  00  00  00  00  00  00
-80-  00  00  00  00  00  00  00  00 | 00  00  00  00  00  00  00  00
-90-  00  00  00  00  00  00  00  00 | 00  00  00  00  00  00  00  00
-A0-  00  00  00  00  00  00  00  00 | 00  00  00  00  00  00  00  00
-B0-  00  00  00  00  00  00  00  00 | 00  00  00  00  00  00  00  00
-C0-  00  00  00  00  00  00  00  00 | 00  00  00  00  00  00  00  00
-D0-  00  00  00  00  00  00  00  00 | 00  00  00  00  00  00  00  00
-E0-  00  00  00  00  00  00  00  00 | 00  00  00  00  00  00  00  00
-F0-  00  00  00  00  00  00  00  00 | 00  00  00  00  00  00  00  00


BANK 0x18
------00--01--02--03--04--05--06--07-|-08--09--0A--0B--0C--0D--0E--0F--
-------------------------------------------------------------------------
-00-  18  00  00  00  00  00  00  00 | 00  00  00  00  00  00  00  00
-10-  00  00  00  00  00  00  00  00 | 00  00  00  00  00  00  00  00
-20-  91  00  00  00  00  00  00  00 | 00  00  00  00  00  00  00  00
-30-  73  9B  6E  AC  A5  70  53  B3 | 5A  75  B0  48  74  C8  80  80
-40-  84  44  88  58  05  00  00  00 | B2  BA  FB  FB  FB  FB  FF  AA
-50-  24  00  00  00  00  00  00  00 | 00  00  00  00  00  00  00  00
-60-  00  00  00  00  00  00  00  00 | 00  00  00  00  00  00  00  00
-70-  02  00  20  0E  C0  01  3C  02 | FF  00  00  00  00  00  00  00
-80-  00  00  00  00  00  00  00  00 | 00  00  00  00  00  00  00  00
-90-  00  00  00  00  00  00  00  00 | 00  00  00  00  00  00  00  00
-A0-  23  33  CF  69  24  01  CF  69 | 24  01  C1  00  11  00  81  81
-B0-  00  00  00  00  00  00  00  00 | 00  00  00  00  FF  00  00  00
-C0-  00  00  00  00  00  00  00  00 | 00  00  00  00  00  00  00  00
-D0-  00  00  00  00  00  00  00  00 | 00  00  00  00  00  00  00  00
-E0-  00  00  00  00  00  00  00  00 | 00  00  00  00  00  00  00  00
-F0-  00  00  00  00  00  00  00  00 | 00  00  00  00  00  00  00  00


BANK 0x19
------00--01--02--03--04--05--06--07-|-08--09--0A--0B--0C--0D--0E--0F--
-------------------------------------------------------------------------
-00-  19  00  00  00  00  00  00  00 | 00  00  00  00  00  00  00  00
-10-  00  00  00  00  00  00  00  00 | 00  00  00  00  00  00  00  00
-20-  81  FF  00  00  82  77  32  2D | 00  00  00  00  00  00  00  10
-30-  20  16  14  08  15  10  10  15 | 01  23  01  23  44  44  77  77
-40-  A0  20  10  04  A0  20  10  04 | A0  20  10  04  A0  20  10  04
-50-  00  00  00  00  00  00  00  00 | 00  00  00  00  00  00  00  00
-60-  01  13  93  00  44  44  11  11 | 11  11  00  00  00  00  20  00
-70-  04  00  88  00  FF  00  00  00 | 00  00  00  00  00  00  00  00
-80-  1C  1E  20  22  24  26  28  2A | 28  26  24  22  20  20  20  20
-90-  1C  1E  20  22  24  26  28  2A | 28  26  24  22  20  20  20  20
-A0-  00  01  00  00  00  00  00  00 | 00  00  00  00  00  00  00  00
-B0-  76  95  6C  89  00  00  00  00 | 00  00  00  00  00  00  00  00
-C0-  01  00  00  00  00  00  00  00 | 12  00  00  00  00  00  00  00
-D0-  00  00  00  00  00  00  00  00 | 00  00  00  00  00  00  00  00
-E0-  00  00  00  00  00  00  00  00 | 00  00  00  00  00  00  00  00
-F0-  00  00  00  00  00  00  00  00 | 00  00  00  00  00  00  00  00


BANK 0x1A
------00--01--02--03--04--05--06--07-|-08--09--0A--0B--0C--0D--0E--0F--
-------------------------------------------------------------------------
-00-  1A  00  0C  54  00  00  0C  54 | AE  00  00  00  E3  09  DC  5F
-10-  81  00  08  04  3F  3F  FF  00 | 00  FF  00  00  00  00  F0  00
-20-  5D  88  00  80  00  80  00  80 | 36  40  40  40  4A  40  00  00
-30-  00  00  00  00  00  AA  00  AA | 00  00  00  00  00  00  00  00
-40-  00  00  00  00  00  00  00  00 | 11  11  11  11  11  11  11  11
-50-  00  00  00  00  00  00  00  00 | 00  00  00  00  00  00  00  00
-60-  04  13  29  3C  50  64  73  82 | 8E  9A  A9  BD  D0  E0  EE  F9
-70-  00  00  00  00  00  00  00  00 | 00  00  00  00  00  00  00  00
-80-  C3  01  03  1A  DE  10  47  1A | 7A  09  2F  06  E2  04  FA  01
-90-  C9  00  9F  00  57  00  3E  00 | 27  00  13  00  0B  00  06  00
-A0-  02  00  01  00  01  00  01  00 | 01  00  01  00  01  00  01  00
-B0-  01  00  01  00  01  00  01  00 | 01  00  01  00  01  00  0F  00
-C0-  00  00  00  00  00  00  8F  00 | 00  00  00  00  00  00  00  00
-D0-  00  00  00  00  00  00  00  00 | 00  00  00  00  00  00  00  00
-E0-  00  00  00  00  00  00  00  00 | 00  00  00  00  04  01  06  01
-F0-  00  00  00  00  00  00  00  00 | 00  00  00  00  00  00  00  00


BANK 0x1B
------00--01--02--03--04--05--06--07-|-08--09--0A--0B--0C--0D--0E--0F--
-------------------------------------------------------------------------
-00-  1B  00  00  00  00  00  00  00 | 00  00  00  00  00  00  00  00
-10-  00  00  00  00  00  00  00  00 | 00  00  00  00  00  00  00  00
-20-  00  00  00  00  00  00  00  00 | 00  00  00  00  00  00  00  00
-30-  00  00  00  00  00  00  00  00 | 00  00  00  00  00  00  00  00
-40-  00  00  00  00  00  00  00  00 | 00  00  00  00  00  00  00  00
-50-  00  00  00  00  00  00  00  00 | 00  00  00  00  00  00  00  00
-60-  00  00  00  00  00  00  00  00 | 00  00  00  00  00  00  00  00
-70-  00  00  00  00  00  00  00  00 | 00  00  00  00  00  00  00  00
-80-  00  00  00  00  00  00  00  00 | 00  00  00  00  00  00  00  00
-90-  00  00  00  00  00  00  00  00 | 00  00  00  00  00  00  00  00
-A0-  00  00  00  00  00  00  00  00 | 00  00  00  00  00  00  00  00
-B0-  00  00  00  00  00  00  00  00 | 00  00  00  00  00  00  00  00
-C0-  00  00  00  00  00  00  00  00 | 00  00  00  00  00  00  00  00
-D0-  00  00  00  00  00  00  00  00 | 00  00  00  00  00  00  00  00
-E0-  00  00  00  00  00  00  00  00 | 00  00  00  00  00  00  00  00
-F0-  00  00  00  00  00  00  00  00 | 00  00  00  00  00  00  00  00


BANK 0x1C
------00--01--02--03--04--05--06--07-|-08--09--0A--0B--0C--0D--0E--0F--
-------------------------------------------------------------------------
-00-  1C  00  00  00  00  00  00  00 | 00  00  00  00  00  00  00  00
-10-  00  00  00  00  00  00  00  00 | 00  00  00  00  00  00  00  00
-20-  80  00  20  00  00  28  20  20 | 00  3F  3F  3F  3F  3F  3F  3F
-30-  3F  3F  00  00  00  00  00  00 | 00  00  00  00  00  00  00  00
-40-  00  00  00  00  00  00  00  00 | 80  00  00  04  78  50  60  5B
-50-  3F  20  20  20  20  20  20  20 | 20  20  00  00  00  00  00  00
-60-  00  00  00  00  00  00  00  00 | 00  00  00  00  20  40  60  80
-70-  00  17  54  40  40  4F  1B  1E | 40  40  00  18  1E  14  2D  40
-80-  00  64  6A  40  02  50  1A  23 | 15  4C  0C  08  1C  14  26  02
-90-  00  1A  65  00  49  50  1D  1D | 42  54  19  40  0A  27  41  00
-A0-  00  00  00  00  00  00  00  00 | 00  00  00  00  00  00  00  00
-B0-  00  00  00  00  00  00  00  00 | 00  00  00  00  00  00  00  00
-C0-  00  00  00  00  00  00  00  00 | 00  00  00  00  00  00  00  00
-D0-  00  00  00  00  00  00  00  00 | 00  00  00  00  00  00  00  00
-E0-  00  00  00  00  00  00  00  00 | 00  00  00  00  00  00  00  00
-F0-  00  00  FF  03  12  00  00  00 | 06  00  FF  00  00  00  00  00


BANK 0x1D
------00--01--02--03--04--05--06--07-|-08--09--0A--0B--0C--0D--0E--0F--
-------------------------------------------------------------------------
-00-  1D  00  00  00  00  00  00  00 | 00  00  00  00  00  00  00  00
-10-  00  00  00  00  00  00  00  00 | 00  00  00  00  00  00  00  00
-20-  00  00  00  00  00  00  00  00 | 00  00  00  00  00  00  00  00
-30-  00  00  00  00  00  00  00  00 | 00  00  00  00  00  00  00  00
-40-  00  00  00  00  00  00  00  00 | 00  00  00  00  00  00  00  00
-50-  00  00  00  00  00  00  00  00 | 00  00  00  00  00  00  00  00
-60-  00  00  00  00  00  00  00  00 | 00  00  00  00  00  00  00  00
-70-  00  00  00  00  00  00  00  00 | 00  00  00  00  00  00  00  00
-80-  00  00  00  00  00  00  00  00 | 00  00  00  00  00  00  00  00
-90-  00  00  00  00  00  00  00  00 | 00  00  00  00  00  00  00  00
-A0-  00  00  00  00  00  00  00  00 | 00  00  00  00  00  00  00  00
-B0-  00  00  00  00  00  00  00  00 | 00  00  00  00  00  00  00  00
-C0-  00  00  00  00  00  00  00  00 | 00  00  00  00  00  00  00  00
-D0-  00  00  00  00  00  00  00  00 | 00  00  00  00  00  00  00  00
-E0-  00  00  00  00  00  00  00  00 | 00  00  00  00  00  00  00  00
-F0-  00  00  00  00  00  00  00  00 | 00  00  00  00  00  00  00  00


BANK 0x1E
------00--01--02--03--04--05--06--07-|-08--09--0A--0B--0C--0D--0E--0F--
-------------------------------------------------------------------------
-00-  1E  00  00  00  00  00  00  00 | 00  00  00  00  00  00  00  00
-10-  00  00  00  00  00  00  00  00 | 00  00  00  00  00  00  00  00
-20-  00  00  00  00  00  00  00  00 | 00  00  00  00  00  00  00  00
-30-  00  00  00  00  00  00  00  00 | 00  00  00  00  00  00  00  00
-40-  00  00  00  00  00  00  00  00 | 00  00  00  00  00  00  00  00
-50-  00  00  00  00  00  00  00  00 | 00  00  00  00  00  00  00  00
-60-  00  00  00  00  00  00  00  00 | 00  00  00  00  00  00  00  00
-70-  00  00  00  00  00  00  00  00 | 00  00  00  00  00  00  00  00
-80-  00  00  00  00  00  00  00  00 | 00  00  00  00  00  00  00  00
-90-  00  00  00  00  00  00  00  00 | 00  00  00  00  00  00  00  00
-A0-  00  00  00  00  00  00  00  00 | 00  00  00  00  00  00  00  00
-B0-  00  00  00  00  00  00  00  00 | 00  00  00  00  00  00  00  00
-C0-  00  00  00  00  00  00  00  00 | 00  00  00  00  00  00  00  00
-D0-  00  00  00  00  00  00  00  00 | 00  00  00  00  00  00  00  00
-E0-  00  00  00  00  00  00  00  00 | 00  00  00  00  00  00  00  00
-F0-  00  00  00  00  00  00  00  00 | 00  00  00  00  00  00  00  00


BANK 0x1F
------00--01--02--03--04--05--06--07-|-08--09--0A--0B--0C--0D--0E--0F--
-------------------------------------------------------------------------
-00-  1F  00  00  00  00  00  00  00 | 00  00  00  00  00  00  00  00
-10-  FF  FF  00  00  00  00  00  00 | 01  C0  00  00  00  00  00  00
-20-  00  00  00  00  00  00  00  00 | 00  00  00  00  00  00  03  00
-30-  0F  00  0F  00  00  00  00  00 | 00  40  00  00  00  00  00  00
-40-  00  00  00  00  00  00  00  00 | 00  00  00  00  00  00  00  00
-50-  00  00  00  00  00  00  00  00 | 00  00  00  00  00  00  00  00
-60-  00  00  00  00  00  00  00  00 | 00  00  00  00  00  00  00  00
-70-  00  00  00  00  00  00  00  00 | 00  00  00  00  00  00  00  00
-80-  00  00  00  00  00  00  00  00 | 00  00  00  00  00  00  00  00
-90-  00  00  00  00  00  00  00  00 | 00  00  00  00  00  00  00  00
-A0-  00  00  00  00  00  00  00  00 | 00  00  00  00  00  00  00  00
-B0-  00  00  00  00  00  00  00  00 | 00  00  00  00  00  00  00  00
-C0-  00  00  00  00  00  00  00  00 | 00  00  00  00  00  00  00  00
-D0-  00  00  00  00  00  00  00  00 | 00  00  00  00  00  00  00  00
-E0-  00  00  00  00  00  00  00  00 | 00  00  00  00  00  00  00  00
-F0-  00  00  00  00  00  00  00  00 | 00  00  00  00  00  00  00  00


BANK 0x20
------00--01--02--03--04--05--06--07-|-08--09--0A--0B--0C--0D--0E--0F--
-------------------------------------------------------------------------
-00-  20  00  00  00  00  00  00  00 | 00  00  00  00  00  00  00  00
-10-  00  00  00  00  00  00  00  00 | 00  00  00  00  00  00  00  00
-20-  01  28  70  07  07  00  80  07 | 20  20  FE  03  40  02  00  57
-30-  00  01  38  00  03  00  05  00 | 00  00  05  00  10  00  F2  00
-40-  FF  07  00  00  00  00  00  00 | 00  00  00  00  00  00  00  00
-50-  00  00  00  00  00  00  00  00 | 00  00  00  00  00  00  00  00
-60-  00  00  02  04  00  00  00  00 | 00  00  00  00  00  00  00  00
-70-  00  00  00  00  00  00  00  00 | 00  00  00  00  00  00  00  00
-80-  00  00  71  00  70  03  56  05 | FA  07  00  00  00  00  00  00
-90-  00  00  00  00  00  00  00  00 | 00  00  00  00  00  00  00  00
-A0-  80  07  00  00  00  00  00  00 | D0  02  10  07  00  00  10  07
-B0-  D0  02  00  00  00  00  10  07 | 00  00  10  00  FB  03  FE  03
-C0-  00  00  00  00  00  00  56  05 | 56  05  00  00  00  00  04  00
-D0-  00  00  00  00  00  00  00  00 | 00  00  00  00  00  00  00  00
-E0-  00  00  00  00  00  00  00  00 | 00  00  00  00  00  00  00  00
-F0-  00  00  00  00  00  00  00  00 | 00  00  00  00  00  00  00  00


BANK 0x21
------00--01--02--03--04--05--06--07-|-08--09--0A--0B--0C--0D--0E--0F--
-------------------------------------------------------------------------
-00-  21  00  08  00  00  00  00  00 | 00  00  00  00  00  00  00  00
-10-  00  00  00  00  00  00  00  00 | 02  16  21  1B  18  15  12  0C
-20-  00  00  00  00  00  00  00  00 | 00  00  00  00  00  00  00  00
-30-  00  00  00  00  00  00  00  00 | 00  00  00  00  00  00  00  00
-40-  00  00  00  00  00  00  00  00 | 00  00  00  00  00  00  00  00
-50-  00  00  00  00  00  00  00  00 | 00  00  00  00  00  00  00  00
-60-  00  00  FF  FF  00  00  00  00 | 00  00  00  00  00  00  00  00
-70-  00  00  00  00  00  00  00  00 | 00  00  00  00  00  00  00  00
-80-  00  00  00  00  00  00  00  00 | 00  00  00  00  00  00  00  00
-90-  00  00  00  00  00  00  00  00 | 00  00  00  00  00  00  00  00
-A0-  00  00  00  00  00  00  00  00 | 00  00  00  00  00  00  00  00
-B0-  00  00  00  00  00  00  00  00 | 00  00  00  00  00  00  00  00
-C0-  00  00  00  00  00  00  00  00 | 00  00  00  00  00  00  00  00
-D0-  00  00  00  00  00  00  00  00 | 00  00  00  00  00  00  00  00
-E0-  2B  55  21  12  03  01  00  00 | 00  00  00  00  99  99  00  00
-F0-  00  00  00  00  03  00  00  00 | 00  00  00  00  00  00  AA  AA


BANK 0x22
------00--01--02--03--04--05--06--07-|-08--09--0A--0B--0C--0D--0E--0F--
-------------------------------------------------------------------------
-00-  22  00  82  14  80  02  00  00 | 00  00  00  00  00  00  00  00
-10-  00  08  00  88  06  00  00  00 | 07  00  00  00  00  00  00  00
-20-  00  00  00  00  00  00  00  00 | 00  00  00  00  00  00  00  00
-30-  00  00  00  00  00  00  00  00 | 00  00  00  00  00  00  00  00
-40-  00  00  00  00  00  00  00  00 | 00  00  00  00  00  00  00  00
-50-  00  00  00  00  F0  00  30  00 | 00  00  00  00  00  00  00  00
-60-  00  00  00  00  00  00  00  00 | 00  00  00  00  00  00  00  00
-70-  00  00  00  00  00  00  00  00 | 00  00  00  00  00  00  00  00
-80-  00  00  00  00  00  00  00  00 | 00  00  00  00  00  00  00  00
-90-  00  00  00  00  00  00  00  00 | 00  00  00  00  00  00  00  00
-A0-  00  00  00  00  00  00  00  00 | 00  00  00  00  00  00  00  00
-B0-  00  00  00  00  00  00  00  00 | 00  00  00  00  00  00  00  00
-C0-  00  00  00  00  00  00  00  00 | 00  00  00  00  00  00  00  00
-D0-  00  00  00  00  00  00  00  00 | 00  00  00  00  00  00  00  00
-E0-  00  00  00  00  00  00  00  00 | 00  00  00  00  00  00  00  00
-F0-  00  0F  00  0C  00  00  00  00 | 47  04  28  00  09  00  00  00


BANK 0x23
------00--01--02--03--04--05--06--07-|-08--09--0A--0B--0C--0D--0E--0F--
-------------------------------------------------------------------------
-00-  23  00  00  00  00  00  00  00 | 00  00  00  00  08  00  62  F7
-10-  14  01  6F  4C  15  01  C4  44 | C0  0A  01  01  01  01  38  58
-20-  00  00  38  58  00  00  00  00 | 7E  72  66  91  21  10  00  00
-30-  00  00  00  00  00  00  00  00 | 00  00  10  00  00  00  10  00
-40-  00  00  00  00  00  00  00  00 | 00  00  00  00  00  00  00  00
-50-  00  00  00  00  00  00  00  00 | 80  00  00  00  00  00  00  00
-60-  00  00  00  00  00  00  00  00 | 00  00  00  00  00  00  00  00
-70-  00  00  00  00  00  00  00  00 | 00  00  00  00  00  00  00  00
-80-  00  00  00  00  3F  00  10  23 | F1  08  88  00  10  A2  E1  87
-90-  83  00  00  00  00  00  00  00 | 00  00  00  00  00  00  00  00
-A0-  00  00  41  00  00  00  00  08 | 00  00  00  00  00  00  00  00
-B0-  00  00  00  00  00  00  00  00 | 00  00  00  00  00  00  00  00
-C0-  44  00  00  80  0F  05  03  00 | 08  14  08  18  00  00  00  00
-D0-  00  00  00  00  00  00  00  00 | 00  00  00  00  00  00  00  00
-E0-  00  00  00  00  00  00  00  00 | 00  00  00  00  00  00  00  00
-F0-  00  00  00  00  00  00  00  00 | 00  00  00  00  00  00  00  00


BANK 0x24
------00--01--02--03--04--05--06--07-|-08--09--0A--0B--0C--0D--0E--0F--
-------------------------------------------------------------------------
-00-  24  00  00  00  00  00  00  00 | 00  00  00  00  00  00  00  00
-10-  00  00  00  00  00  00  00  00 | 00  00  00  00  00  00  00  00
-20-  00  00  00  00  00  00  00  00 | 00  00  00  00  00  00  00  00
-30-  00  00  00  00  00  00  00  00 | 00  00  00  00  00  00  00  00
-40-  00  00  00  00  00  00  00  00 | 00  00  00  00  00  00  00  00
-50-  00  00  00  00  00  00  00  00 | 00  00  00  00  00  00  00  00
-60-  00  00  00  00  00  00  00  00 | 00  00  00  00  00  00  00  00
-70-  00  00  00  00  00  00  00  00 | 00  00  00  00  00  00  03  00
-80-  23  20  F3  3C  C9  9C  C9  9C | AA  AA  50  22  D8  D8  72  72
-90-  8D  8D  27  D8  72  8D  00  00 | 00  00  00  00  00  00  00  00
-A0-  00  00  00  00  00  00  00  00 | 00  00  00  00  00  00  00  00
-B0-  00  00  00  00  00  00  00  00 | 00  00  00  00  00  00  00  00
-C0-  00  00  00  00  00  00  00  00 | 00  00  00  00  00  00  00  00
-D0-  00  00  00  00  00  00  00  00 | 00  00  00  00  00  00  00  00
-E0-  00  00  00  00  00  00  00  00 | 00  00  00  00  00  00  00  00
-F0-  00  00  00  00  00  00  00  00 | 00  00  00  00  00  00  00  00


BANK 0x25
------00--01--02--03--04--05--06--07-|-08--09--0A--0B--0C--0D--0E--0F--
-------------------------------------------------------------------------
-00-  25  00  F0  00  00  00  00  00 | 00  00  00  00  00  00  00  00
-10-  00  00  00  00  00  00  00  00 | 00  00  00  00  00  00  00  00
-20-  00  00  00  00  00  04  00  00 | 00  00  00  00  00  04  00  00
-30-  00  00  00  00  00  04  00  00 | 00  00  00  00  00  00  00  00
-40-  00  00  F7  03  00  04  FC  03 | F0  03  00  04  A0  03  00  00
-50-  00  00  00  00  00  00  00  00 | 00  00  00  00  00  00  00  00
-60-  00  00  00  00  FF  03  FF  03 | FF  03  00  00  00  00  00  00
-70-  00  00  00  00  00  00  00  00 | 00  00  00  00  00  00  00  00
-80-  00  80  00  80  00  80  00  80 | 00  80  00  80  00  80  00  80
-90-  00  00  00  00  00  00  00  00 | 00  00  00  00  3D  06  00  00
-A0-  00  00  00  00  00  00  00  00 | 00  00  00  00  00  00  00  00
-B0-  00  00  00  00  00  00  00  00 | 00  00  00  00  00  00  00  00
-C0-  00  00  00  00  00  00  00  00 | 00  00  00  00  00  00  00  00
-D0-  00  00  00  00  00  00  00  00 | 00  00  00  00  00  00  00  00
-E0-  00  00  00  00  00  00  00  00 | 00  00  00  00  00  00  00  00
-F0-  00  00  00  00  00  00  00  00 | 00  00  04  00  00  00  00  00


BANK 0x26
------00--01--02--03--04--05--06--07-|-08--09--0A--0B--0C--0D--0E--0F--
-------------------------------------------------------------------------
-00-  26  00  00  00  00  00  00  00 | 00  00  00  00  00  00  00  00
-10-  00  00  00  00  00  00  00  00 | 00  00  00  00  00  00  00  00
-20-  03  08  10  01  10  00  00  00 | 00  00  00  03  00  03  00  00
-30-  00  00  00  00  00  00  00  00 | 00  00  00  00  00  00  00  00
-40-  00  00  00  00  00  00  00  00 | 00  00  00  00  00  00  00  00
-50-  00  00  00  00  00  00  00  00 | 00  00  00  00  00  00  00  00
-60-  00  00  00  00  00  00  00  00 | 00  00  00  00  00  00  00  00
-70-  00  00  00  00  00  00  00  00 | 00  00  00  00  00  00  00  00
-80-  00  00  00  00  00  00  00  00 | 00  00  00  00  00  00  00  00
-90-  00  00  00  00  00  00  00  00 | 00  00  00  00  00  00  00  00
-A0-  00  00  00  00  00  00  00  00 | 00  00  00  00  00  00  00  00
-B0-  00  00  00  00  00  00  00  00 | 00  00  00  00  00  00  00  00
-C0-  00  00  00  00  00  00  00  00 | 00  00  00  00  00  00  00  00
-D0-  00  00  00  00  00  00  00  00 | 00  00  00  00  00  00  00  00
-E0-  00  00  00  00  00  00  00  00 | 00  00  00  00  00  00  00  00
-F0-  00  00  00  00  00  00  00  00 | 00  00  00  00  00  00  00  00


BANK 0x27
------00--01--02--03--04--05--06--07-|-08--09--0A--0B--0C--0D--0E--0F--
-------------------------------------------------------------------------
-00-  27  00  00  00  00  00  00  00 | 02  00  80  00  00  00  00  00
-10-  00  00  00  00  00  00  00  00 | 00  00  88  88  00  00  00  00
-20-  03  00  0C  00  30  00  C0  00 | 00  00  00  00  00  00  00  00
-30-  88  88  00  00  00  00  00  00 | 03  00  0C  00  30  00  C0  00
-40-  01  00  10  02  18  00  00  00 | 00  00  00  00  00  00  00  00
-50-  20  40  60  80  20  40  60  80 | 20  40  60  80  20  40  60  80
-60-  20  40  60  80  20  40  60  80 | 20  40  60  80  20  40  60  80
-70-  20  40  60  80  20  40  60  80 | 20  40  60  80  20  40  60  80
-80-  00  00  00  00  00  00  00  00 | 00  00  00  00  00  00  00  00
-90-  00  00  00  00  00  00  00  00 | 00  00  00  00  00  00  00  00
-A0-  20  40  60  80  20  40  60  80 | 20  40  60  80  20  40  60  80
-B0-  00  00  00  00  00  00  00  00 | 00  00  00  00  00  00  00  00
-C0-  00  00  00  00  00  00  00  00 | 00  00  00  00  00  00  00  00
-D0-  00  00  00  00  00  00  00  00 | 00  00  00  00  00  00  00  00
-E0-  00  00  00  00  00  00  00  00 | 00  00  00  00  00  00  00  00
-F0-  00  00  00  00  00  00  00  00 | 00  00  88  88  00  00  00  00


BANK 0x28
------00--01--02--03--04--05--06--07-|-08--09--0A--0B--0C--0D--0E--0F--
-------------------------------------------------------------------------
-00-  28  00  00  00  00  00  00  00 | 00  00  00  00  00  00  00  00
-10-  00  00  00  00  00  00  00  00 | 00  00  00  00  00  00  00  00
-20-  00  00  00  00  00  00  00  00 | 00  00  00  00  00  00  00  00
-30-  00  00  00  00  00  00  00  00 | 00  00  00  00  00  00  00  00
-40-  00  00  00  00  00  00  00  00 | 00  00  00  00  00  00  00  00
-50-  00  00  00  00  00  00  00  00 | 00  00  00  00  00  00  00  00
-60-  00  00  00  00  00  00  00  00 | 00  00  00  00  00  00  00  00
-70-  00  00  00  00  00  00  00  00 | 00  00  00  00  00  00  00  00
-80-  00  00  00  00  00  00  00  00 | 00  00  00  00  00  00  00  00
-90-  00  00  00  00  00  00  00  00 | 00  00  00  00  00  00  00  00
-A0-  00  00  00  00  00  00  00  00 | 00  00  00  00  00  00  00  00
-B0-  00  00  00  00  00  00  00  00 | 00  00  00  00  00  00  00  00
-C0-  00  00  00  00  00  00  00  00 | 00  00  00  00  00  00  00  00
-D0-  00  00  00  00  00  00  00  00 | 00  00  00  00  00  00  00  00
-E0-  00  00  00  00  00  00  00  00 | 00  00  00  00  00  00  00  00
-F0-  00  00  00  00  00  00  00  00 | 00  00  00  00  00  00  00  00


BANK 0x29
------00--01--02--03--04--05--06--07-|-08--09--0A--0B--0C--0D--0E--0F--
-------------------------------------------------------------------------
-00-  29  00  00  00  00  00  00  00 | 00  00  00  00  00  00  00  00
-10-  00  00  00  00  00  00  00  00 | 00  00  00  00  00  00  00  00
-20-  00  00  00  00  00  00  00  00 | 00  00  00  00  00  00  00  00
-30-  00  00  00  00  00  00  00  00 | 00  00  00  00  00  00  00  00
-40-  00  00  00  00  00  00  00  00 | 00  00  00  00  00  00  00  00
-50-  00  00  00  00  00  00  00  00 | 00  00  00  00  00  00  00  00
-60-  00  00  00  00  00  00  00  00 | 00  00  00  00  00  00  00  00
-70-  00  00  00  00  00  00  00  00 | 00  00  00  00  00  00  00  00
-80-  00  00  00  00  00  00  00  00 | 00  00  00  00  00  00  00  00
-90-  00  00  00  00  00  00  00  00 | 00  00  00  00  00  00  00  00
-A0-  00  00  00  00  00  00  00  00 | 00  00  00  00  00  00  00  00
-B0-  00  00  00  00  00  00  00  00 | 00  00  00  00  00  00  00  00
-C0-  00  00  00  00  00  00  00  00 | 00  00  00  00  00  00  00  00
-D0-  00  00  00  00  00  00  00  00 | 00  00  00  00  00  00  00  00
-E0-  00  00  00  00  00  00  00  00 | 00  00  00  00  00  00  00  00
-F0-  00  00  00  00  00  00  00  00 | 00  00  00  00  00  00  00  00


BANK 0x2A
------00--01--02--03--04--05--06--07-|-08--09--0A--0B--0C--0D--0E--0F--
-------------------------------------------------------------------------
-00-  2A  00  00  00  04  02  00  00 | 0A  03  00  00  00  80  00  00
-10-  EE  FF  CC  DD  AA  BB  88  99 | 66  77  44  55  22  33  00  11
-20-  84  00  88  88  04  00  84  08 | 44  02  04  00  0F  00  88  88
-30-  88  38  88  38  88  00  44  00 | 94  33  94  00  08  00  88  00
-40-  88  88  00  51  00  00  00  00 | DC  FE  98  BA  54  76  10  32
-50-  88  A8  88  21  42  FF  88  88 | 88  02  88  28  64  74  00  00
-60-  08  08  00  01  00  00  00  00 | 88  88  88  88  08  00  44  84
-70-  48  D8  48  01  46  00  8F  00 | 70  A0  00  00  00  00  00  00
-80-  00  00  00  00  00  00  00  00 | 00  00  00  00  00  00  00  00
-90-  00  00  00  00  00  00  00  00 | 00  00  00  00  00  00  00  00
-A0-  00  00  00  00  00  00  00  00 | 00  00  00  00  00  00  00  00
-B0-  00  00  00  00  00  00  00  00 | 00  00  00  00  00  00  00  00
-C0-  00  00  00  00  00  00  00  00 | 00  00  00  00  00  00  00  00
-D0-  00  00  03  00  01  00  20  00 | 49  01  15  16  4C  1F  FF  FF
-E0-  00  00  00  00  00  00  00  00 | 00  00  00  00  00  00  77  60
-F0-  00  00  00  00  AE  DD  D5  2C | 2A  00  18  77  00  00  F7  00


BANK 0x2B
------00--01--02--03--04--05--06--07-|-08--09--0A--0B--0C--0D--0E--0F--
-------------------------------------------------------------------------
-00-  2B  00  00  00  00  00  00  00 | 00  00  00  00  00  00  00  00
-10-  00  00  00  00  00  00  00  00 | 00  00  00  00  00  00  00  00
-20-  00  00  00  00  00  00  00  00 | 00  00  00  00  00  00  00  00
-30-  00  00  00  00  00  00  00  00 | 00  00  00  00  00  00  00  00
-40-  00  00  00  00  00  00  00  00 | 00  00  00  00  00  00  00  00
-50-  00  00  00  00  00  00  00  00 | 00  00  00  00  00  00  00  00
-60-  00  00  00  00  00  00  00  00 | 00  00  00  00  00  00  00  00
-70-  00  00  00  00  00  00  00  00 | 00  00  00  00  00  00  00  00
-80-  00  00  00  00  00  00  00  00 | 00  00  00  00  00  00  00  00
-90-  00  00  00  00  00  00  00  00 | 00  00  00  00  00  00  00  00
-A0-  00  00  00  00  00  00  00  00 | 00  00  00  00  00  00  00  00
-B0-  00  00  00  00  00  00  00  00 | 00  00  00  00  00  00  00  00
-C0-  C1  00  00  03  01  06  0C  06 | 00  02  02  02  02  02  02  02
-D0-  02  02  00  00  00  00  00  00 | 00  00  00  00  00  00  00  00
-E0-  00  00  00  00  00  00  00  00 | 00  00  00  00  00  00  00  00
-F0-  00  00  00  00  00  00  00  00 | 00  00  00  00  00  00  00  00


BANK 0x2C
------00--01--02--03--04--05--06--07-|-08--09--0A--0B--0C--0D--0E--0F--
-------------------------------------------------------------------------
-00-  2C  00  00  00  00  00  00  00 | 00  00  00  00  00  00  00  00
-10-  00  00  00  00  00  00  00  00 | 00  00  00  00  00  00  00  00
-20-  00  00  00  00  00  00  00  00 | 00  00  00  00  00  00  00  00
-30-  00  00  00  00  00  00  00  00 | 00  00  00  00  00  00  00  00
-40-  00  00  00  00  00  00  00  00 | 00  00  00  00  00  00  00  00
-50-  00  00  00  00  00  00  00  00 | 00  00  00  00  00  00  00  00
-60-  00  00  00  00  00  00  00  00 | 00  00  00  00  00  00  00  00
-70-  00  00  00  00  00  00  00  00 | 00  00  00  00  00  00  00  00
-80-  00  00  00  00  00  00  00  00 | 00  00  00  00  00  00  00  00
-90-  00  00  00  00  00  00  00  00 | 00  00  00  00  00  00  00  00
-A0-  00  00  00  00  00  00  00  00 | 00  00  00  00  00  00  00  00
-B0-  00  00  00  00  00  00  00  00 | 00  00  00  00  00  00  00  00
-C0-  00  00  00  00  00  00  00  00 | 00  00  00  00  00  00  00  00
-D0-  00  00  00  00  00  00  00  00 | 00  00  00  00  00  00  00  00
-E0-  00  00  00  00  00  00  00  00 | 00  00  00  00  00  00  00  00
-F0-  00  00  00  00  00  00  00  00 | 00  00  00  00  00  00  00  00


BANK 0x2D
------00--01--02--03--04--05--06--07-|-08--09--0A--0B--0C--0D--0E--0F--
-------------------------------------------------------------------------
-00-  2D  00  00  00  00  00  00  00 | 00  00  00  00  00  00  00  00
-10-  00  00  00  00  00  00  00  00 | 00  00  00  00  00  00  00  00
-20-  00  00  00  00  00  00  00  00 | 00  00  00  00  00  00  00  00
-30-  00  00  00  00  00  00  00  00 | 00  00  00  00  00  00  00  00
-40-  00  00  00  00  00  00  00  00 | 00  00  00  00  00  00  00  00
-50-  00  00  00  00  00  00  00  00 | 00  00  00  00  00  00  00  00
-60-  00  00  00  00  00  00  00  00 | 00  00  00  00  00  00  00  00
-70-  00  00  00  00  00  00  00  00 | 00  00  00  00  00  00  00  00
-80-  00  00  00  00  00  00  00  00 | 00  00  00  00  00  00  00  00
-90-  00  00  00  00  00  00  00  00 | 00  00  00  00  00  00  00  00
-A0-  00  00  00  00  00  00  00  00 | 00  00  00  00  00  00  00  00
-B0-  00  00  00  00  00  00  00  00 | 00  00  00  00  00  00  00  00
-C0-  00  00  00  00  00  00  00  00 | 03  44  53  01  00  00  00  00
-D0-  00  00  00  00  00  00  00  00 | 00  00  00  00  00  00  00  00
-E0-  00  00  00  00  00  00  00  00 | 00  00  00  00  00  00  00  00
-F0-  00  00  00  00  00  00  00  00 | 00  00  00  00  00  00  00  00


BANK 0x2E
------00--01--02--03--04--05--06--07-|-08--09--0A--0B--0C--0D--0E--0F--
-------------------------------------------------------------------------
-00-  2E  00  00  00  00  00  00  00 | 00  00  00  00  00  00  00  00
-10-  00  00  00  00  00  00  00  00 | 00  00  00  00  00  00  00  00
-20-  00  00  00  00  00  00  00  00 | 00  00  00  00  00  00  00  00
-30-  00  00  00  00  00  00  00  00 | 00  00  00  00  00  00  00  00
-40-  00  00  00  00  00  00  00  00 | 00  00  00  00  00  00  00  00
-50-  00  00  00  00  00  00  00  00 | 00  00  00  00  00  00  00  00
-60-  00  00  00  00  00  00  00  00 | 00  00  00  00  00  00  00  00
-70-  00  00  00  00  00  00  00  00 | 00  00  00  00  00  00  00  00
-80-  00  00  00  00  00  00  00  00 | 00  00  00  00  00  00  00  00
-90-  00  00  00  00  00  00  00  00 | 00  00  00  00  00  00  00  00
-A0-  00  00  00  00  00  00  00  00 | 00  00  00  00  00  00  00  00
-B0-  00  00  00  00  00  00  00  00 | 00  00  00  00  00  00  00  00
-C0-  00  00  00  00  00  00  00  00 | 00  00  00  00  00  00  00  00
-D0-  00  00  00  00  00  00  00  00 | 00  00  00  00  00  00  00  00
-E0-  00  00  00  00  00  00  00  00 | 00  00  00  00  00  00  00  00
-F0-  00  00  00  00  00  00  00  00 | 00  00  00  00  00  00  00  00


BANK 0x2F
------00--01--02--03--04--05--06--07-|-08--09--0A--0B--0C--0D--0E--0F--
-------------------------------------------------------------------------
-00-  2F  00  00  00  00  00  00  00 | 00  00  00  00  00  00  00  00
-10-  00  00  00  00  00  00  00  00 | 00  00  00  00  00  00  00  00
-20-  00  00  00  00  00  00  00  00 | 00  00  00  00  00  00  00  00
-30-  00  00  00  00  00  00  00  00 | 00  00  00  00  00  00  00  00
-40-  00  00  00  00  00  00  00  00 | 00  00  00  00  00  00  00  00
-50-  00  00  00  00  00  00  00  00 | 00  00  00  00  00  00  00  00
-60-  00  00  00  00  00  00  00  00 | 00  00  00  00  00  00  00  00
-70-  00  00  00  00  00  00  00  00 | 00  00  00  00  00  00  00  00
-80-  00  00  00  00  00  00  00  00 | 00  00  00  00  00  00  00  00
-90-  00  00  00  00  00  00  00  00 | 00  00  00  00  00  00  00  00
-A0-  00  00  00  00  00  00  00  00 | 00  00  00  00  00  00  00  00
-B0-  00  00  00  00  00  00  00  00 | 00  00  00  00  00  00  00  00
-C0-  00  00  00  00  00  00  00  00 | 00  00  00  00  00  00  00  00
-D0-  00  00  00  00  00  00  00  00 | 00  00  00  00  00  00  00  00
-E0-  00  00  00  00  00  00  00  00 | 00  00  00  00  00  00  00  00
-F0-  00  00  00  00  00  00  00  00 | 00  00  00  00  00  00  00  00


BASE Address: 0x2500
------00--01--02--03--04--05--06--07-|-08--09--0A--0B--0C--0D--0E--0F--
-------------------------------------------------------------------------
-00-  09  00  0C  00  00  00  00  00 | FF  5F  30  0F  00  00  00  00
-10-  00  00  00  01  00  00  00  01 | 01  00  00  00  00  00  00  00
-20-  01  00  00  00  00  00  00  00 | 00  00  00  00  00  00  00  00
-30-  00  00  00  00  00  00  00  00 | 00  00  00  00  00  00  00  00
-40-  04  00  00  00  00  00  BC  01 | 00  10  00  00  00  00  00  00
-50-  00  00  00  00  00  00  00  00 | 00  00  00  00  00  00  00  00
-60-  00  00  00  00  30  02  00  24 | 00  00  00  00  00  00  00  00
-70-  00  00  00  20  00  00  90  00 | 00  20  00  00  80  00  32  00
-80-  48  00  10  40  EC  00  00  00 | 14  FC  08  5F  0B  00  00  08
-90-  00  00  00  00  00  00  00  00 | E0  18  00  00  00  00  00  00
-A0-  03  00  00  00  03  00  00  00 | 20  00  10  00  08  00  20  00
-B0-  10  00  08  00  00  00  00  00 | 77  00  85  00  00  00  00  00
-C0-  00  00  00  00  00  00  00  00 | 00  00  00  00  00  00  00  00
-D0-  00  00  00  00  00  00  00  00 | 00  00  00  00  00  00  00  00
-E0-  00  00  00  00  00  00  04  04 | 00  00  00  00  00  00  00  00
-F0-  00  00  00  00  00  32  2A  00 | 00  00  00  00  00  00  00  00


BASE Address: 0x2600
------00--01--02--03--04--05--06--07-|-08--09--0A--0B--0C--0D--0E--0F--
-------------------------------------------------------------------------
-00-  95  06  82  09  05  00  00  00 | 05  C6  20  00  00  00  82  04
-10-  00  05  00  00  00  00  40  64 | 15  00  05  10  00  00  00  00
-20-  88  06  00  00  00  28  84  0A | 28  40  00  00  00  55  14  00
-30-  20  07  00  04  00  00  00  00 | 00  00  00  00  00  00  00  00
-40-  00  00  80  00  05  00  D0  07 | 60  20  A0  03  00  1C  40  05
-50-  4A  08  10  00  00  00  80  00 | 05  00  D0  07  60  20  A0  03
-60-  00  1C  40  05  4A  08  10  00 | 00  00  80  00  05  00  D0  07
-70-  60  20  A0  03  00  1C  40  05 | 4A  08  10  00  00  00  02  20
-80-  FF  0F  02  20  FF  0F  02  20 | FF  0F  00  00  00  00  00  00
-90-  00  00  00  00  00  00  00  00 | 00  00  20  00  20  00  00  00
-A0-  80  00  00  10  00  00  00  00 | 00  00  80  00  00  10  00  00
-B0-  00  00  00  00  80  00  00  10 | 00  00  00  00  00  00  00  00
-C0-  00  00  00  10  00  00  D7  03 | D7  03  44  44  00  00  00  00
-D0-  08  00  95  06  00  00  00  00 | 00  00  00  00  00  00  00  00
-E0-  00  00  00  00  00  00  00  00 | 05  00  05  00  00  00  00  00
-F0-  00  00  00  00  00  00  00  00 | 00  00  00  00  00  00  00  00


BASE Address: 0x3500
------00--01--02--03--04--05--06--07-|-08--09--0A--0B--0C--0D--0E--0F--
-------------------------------------------------------------------------
-00-  00  00  00  01  00  00  00  00 | 00  00  00  00  00  00  00  00
-10-  00  00  00  00  10  00  05  F9 | 16  00  40  80  FF  FF  C8  60
-20-  BC  19  61  86  04  02  10  08 | 00  00  20  7E  67  C0  00  84
-30-  01  40  A0  00  82  0A  45  F0 | 13  6C  CC  7D  2A  00  0C  C0
-40-  01  FE  05  14  80  00  00  00 | 6F  6F  0F  40  62  40  25  68
-50-  80  38  04  35  00  00  01  40 | 0B  00  AF  00  EB  08  20  00
-60-  25  24  64  00  00  00  10  47 | 45  80  51  A2  F0  C4  88  03
-70-  84  A0  74  52  97  40  04  07 | 00  18  20  B6  C0  03  00  65
-80-  48  2D  01  00  65  97  59  7E | 74  59  55  8B  80  80  80  19
-90-  00  20  A7  A4  14  2A  A0  05 | 00  88  F0  10  1C  8E  00  40
-A0-  10  20  40  00  08  00  00  04 | 00  00  00  8F  00  3A  BE  8D
-B0-  86  06  19  1E  7C  4B  4B  4B | 00  00  00  00  00  00  00  00
-C0-  00  00  00  00  00  00  00  00 | 00  00  00  00  00  00  00  00
-D0-  00  00  00  00  00  00  00  00 | 20  00  00  00  00  00  00  00
-E0-  05  FF  FF  20  1F  22  05  10 | 00  00  4B  05  11  64  00  00
-F0-  00  00  00  00  00  00  00  00 | 00  00  00  00  00  00  00  00


BASE Address: 0x3600
------00--01--02--03--04--05--06--07-|-08--09--0A--0B--0C--0D--0E--0F--
-------------------------------------------------------------------------
-00-  00  00  00  00  00  00  80  00 | 00  00  00  00  00  00  00  00
-10-  17  00  12  82  00  00  70  BE | 01  8D  03  9B  FC  50  51  00
-20-  75  00  87  05  02  A0  42  00 | 00  00  04  20  04  C0  22  28
-30-  A7  25  10  30  10  50  50  88 | 18  00  38  00  3F  27  08  00
-40-  98  06  FF  60  88  B1  00  00 | 20  C1  00  80  C0  00  2C  00
-50-  07  00  8E  03  02  04  40  50 | 20  08  00  10  08  FF  14  80
-60-  00  2C  00  00  00  00  00  00 | 00  00  00  12  00  00  10  17
-70-  D8  87  80  80  80  80  80  30 | B0  00  0F  80  06  80  00  1F
-80-  C8  96  6A  04  00  00  00  00 | 37  08  00  0D  06  80  80  C3
-90-  31  12  71  08  71  CC  00  00 | 2A  00  43  10  03  00  C1  06
-A0-  48  00  21  84  EC  0F  60  00 | 00  21  84  EC  0F  60  00  00
-B0-  00  00  00  00  0C  0F  10  11 | 14  20  20  20  01  50  50  00
-C0-  A0  33  33  1F  81  11  20  85 | 88  88  20  85  88  88  00  4A
-D0-  B8  00  00  0F  20  08  0A  00 | 00  00  01  32  00  60  E0  00
-E0-  8C  D4  AE  00  00  78  00  00 | 78  6E  04  00  00  82  00  80
-F0-  20  A0  4F  20  00  30  0F  0F | 00  00  00  00  10  08  00  00


BASE Address: 0x2700
------00--01--02--03--04--05--06--07-|-08--09--0A--0B--0C--0D--0E--0F--
-------------------------------------------------------------------------
-00-  00  00  7A  01  67  31  00  00 | 00  00  10  00  00  EE  03  00
-10-  44  00  00  00  00  00  00  00 | 0A  0A  15  02  2A  04  EA  06
-20-  00  00  2E  46  1A  00  03  00 | 00  00  00  04  00  00  00  00
-30-  00  00  00  00  00  00  00  00 | 00  00  00  00  00  00  00  00
-40-  00  00  00  00  00  00  00  00 | 00  00  00  00  00  00  00  00
-50-  00  00  00  00  00  00  00  00 | 00  00  00  00  00  00  00  00
-60-  00  00  00  00  00  00  00  00 | 00  00  00  00  00  00  00  00
-70-  00  00  00  00  00  00  00  00 | 00  00  00  00  00  00  00  00
-80-  40  48  00  00  00  00  00  FF | FF  00  00  FF  FF  02  00  00
-90-  00  00  00  00  00  00  00  00 | 00  00  00  00  00  00  00  00
-A0-  00  00  00  00  00  00  00  00 | 01  00  00  00  00  00  00  00
-B0-  00  00  00  00  00  00  04  40 | DB  00  00  00  00  00  00  00
-C0-  FF  0F  07  03  00  00  00  00 | 8A  00  80  07  00  00  00  00
-D0-  0A  00  2E  E6  00  00  81  00 | 93  11  00  00  07  07  00  00
-E0-  15  00  00  48  02  0F  00  00 | 00  00  00  00  00  00  00  00
-F0-  00  00  00  00  00  00  00  00 | 00  00  00  00  00  00  00  00


BASE Address: 0x2E00
------00--01--02--03--04--05--06--07-|-08--09--0A--0B--0C--0D--0E--0F--
-------------------------------------------------------------------------
-00-  00  00  10  00  00  00  00  00 | FF  0F  00  00  00  00  00  00
-10-  00  00  00  00  00  00  00  00 | 00  00  00  00  00  00  00  00
-20-  00  00  00  00  00  00  00  00 | 00  00  00  00  00  00  00  00
-30-  00  00  00  00  00  00  00  00 | 00  00  00  00  00  00  00  00
-40-  00  00  00  02  00  00  00  00 | 00  00  00  00  00  00  00  00
-50-  00  00  00  00  00  00  00  00 | 00  00  00  00  00  00  00  00
-60-  00  00  33  00  10  00  11  00 | 00  00  00  00  00  00  00  00
-70-  00  00  00  00  00  00  00  00 | 00  00  00  00  00  00  00  00
-80-  00  00  00  00  00  00  00  00 | 00  00  00  00  04  00  00  00
-90-  00  00  00  00  00  00  00  00 | 00  00  00  00  00  00  00  00
-A0-  00  00  00  00  00  00  00  00 | 00  00  00  00  00  00  00  00
-B0-  00  00  00  00  00  00  00  00 | 00  00  00  00  00  00  00  00
-C0-  00  00  00  00  00  00  00  00 | 00  00  00  00  00  00  00  00
-D0-  00  00  00  00  00  00  00  00 | 00  00  00  00  00  00  00  00
-E0-  00  00  00  00  00  00  00  00 | 00  00  00  00  00  00  00  00
-F0-  00  00  00  00  00  00  00  00 | 00  00  00  00  00  00  00  00


BASE Address: 0x3000
------00--01--02--03--04--05--06--07-|-08--09--0A--0B--0C--0D--0E--0F--
-------------------------------------------------------------------------
-00-  00  00  00  00  00  00  00  00 | FF  0F  FF  0F  FF  0F  FF  0F
-10-  FF  0F  FF  0F  FF  0F  FF  0F | 00  00  FF  0F  FF  0F  FF  0F
-20-  FF  0F  FF  0F  FF  0F  FF  0F | FF  0F  FF  0F  FF  0F  FF  0F
-30-  FF  0F  FF  0F  FF  0F  FF  0F | FF  0F  FF  0F  FF  0F  FF  0F
-40-  FF  0F  FF  0F  FF  0F  FF  0F | FF  0F  FF  0F  FF  0F  0F  FF
-50-  FF  0F  FF  0F  FF  0F  FF  0F | FF  0F  FF  0F  FF  0F  FF  0F
-60-  FF  0F  FF  0F  FF  0F  FF  0F | FF  0F  FF  0F  FF  0F  FF  0F
-70-  FF  0F  00  00  00  00  00  00 | 00  00  00  00  00  00  00  00
-80-  FF  0F  FF  0F  FF  0F  FF  0F | FF  0F  FF  0F  FF  0F  FF  0F
-90-  FF  0F  FF  0F  FF  0F  FF  0F | FF  FF  FF  FF  FF  FF  FF  FF
-A0-  FF  FF  FF  FF  FF  FF  FF  FF | FF  FF  FF  0F  FF  0F  FF  0F
-B0-  FF  0F  FF  0F  FF  0F  FF  FF | FF  FF  FF  FF  FF  FF  FF  FF
-C0-  FF  0F  00  00  00  00  00  00 | 00  00  00  00  00  00  00  00
-D0-  00  00  00  00  FF  0F  FF  0F | FF  0F  00  00  00  00  00  00
-E0-  00  00  00  00  00  00  00  00 | 00  00  40  00  00  00  00  00
-F0-  00  00  00  00  00  00  00  00 | 00  00  00  00  E4  F0  00  40


BASE Address: 0x3100
------00--01--02--03--04--05--06--07-|-08--09--0A--0B--0C--0D--0E--0F--
-------------------------------------------------------------------------
-00-  00  00  02  01  01  00  0E  10 | 00  00  22  02  85  9F  0C  00
-10-  2A  57  01  00  00  80  10  54 | 00  00  10  0B  00  00  8A  48
-20-  17  00  01  00  01  00  98  00 | 01  00  00  00  00  00  1C  00
-30-  24  04  00  00  00  00  00  00 | 00  00  00  00  00  00  80  30
-40-  52  00  F5  0D  03  00  8C  0E | 03  00  00  00  00  00  00  00
-50-  8A  48  17  00  80  00  08  00 | 00  00  00  00  C3  07  00  00
-60-  00  00  00  00  00  00  23  00 | 00  00  00  00  00  00  00  02
-70-  00  00  00  00  0C  00  00  00 | FF  FF  00  00  00  00  00  00
-80-  00  00  00  02  00  00  00  00 | 00  00  00  00  00  00  00  00
-90-  00  00  00  00  00  00  00  00 | 00  00  00  00  00  00  00  00
-A0-  00  00  33  00  10  00  11  00 | 00  00  00  00  00  00  00  00
-B0-  00  00  00  00  00  00  00  00 | 00  00  00  00  00  00  00  00
-C0-  00  00  00  00  00  00  00  00 | 00  00  00  00  00  00  00  00
-D0-  00  00  00  00  00  00  00  00 | 18  00  84  09  00  00  00  00
-E0-  80  00  00  00  00  00  00  00 | 00  00  00  00  00  00  00  00
-F0-  F4  01  00  00  00  00  00  00 | 00  00  00  00  00  00  00  00


BASE Address: 0x3200
------00--01--02--03--04--05--06--07-|-08--09--0A--0B--0C--0D--0E--0F--
-------------------------------------------------------------------------
-00-  01  00  00  00  08  40  08  40 | 03  48  00  00  00  00  00  C0
-10-  27  00  05  00  00  40  80  00 | CC  8C  00  40  00  00  00  00
-20-  00  40  00  00  00  00  00  40 | 00  00  00  00  00  00  00  00
-30-  00  00  00  00  00  00  00  00 | 00  00  00  00  00  00  00  00
-40-  00  00  80  00  00  00  00  00 | 00  00  00  00  00  00  00  00
-50-  00  00  00  00  00  00  00  00 | 00  00  00  00  00  00  00  00
-60-  00  00  00  00  00  00  00  00 | 00  00  00  00  00  00  FF  FF
-70-  00  00  00  00  00  00  00  00 | 00  00  00  00  00  00  00  00
-80-  00  00  00  00  00  00  00  00 | 00  00  00  00  00  00  00  00
-90-  00  00  00  00  00  00  00  00 | 00  00  00  00  00  00  00  00
-A0-  FF  FF  FF  FF  FF  FF  FF  FF | FF  7F  FF  FF  FF  7F  FF  FF
-B0-  FF  7F  FF  FF  FF  7F  FF  FF | FF  7F  FF  FF  FF  7F  FF  FF
-C0-  00  00  00  00  00  00  00  00 | 00  00  00  00  00  00  00  00
-D0-  FF  7F  FF  FF  FF  7F  FF  FF | FF  7F  FF  FF  FF  7F  FF  FF
-E0-  FF  7F  FF  FF  FF  7F  FF  FF | 00  00  00  00  00  00  00  00
-F0-  00  00  00  00  00  00  00  00 | 00  00  00  00  00  00  00  00


BASE Address: 0x3200
------00--01--02--03--04--05--06--07-|-08--09--0A--0B--0C--0D--0E--0F--
-------------------------------------------------------------------------
-00-  01  00  00  00  08  40  08  40 | 03  48  00  00  00  00  00  C0
-10-  27  00  05  00  00  40  80  00 | CC  8C  00  40  00  00  00  00
-20-  00  40  00  00  00  00  00  40 | 00  00  00  00  00  00  00  00
-30-  00  00  00  00  00  00  00  00 | 00  00  00  00  00  00  00  00
-40-  00  00  80  00  00  00  00  00 | 00  00  00  00  00  00  00  00
-50-  00  00  00  00  00  00  00  00 | 00  00  00  00  00  00  00  00
-60-  00  00  00  00  00  00  00  00 | 00  00  00  00  00  00  FF  FF
-70-  00  00  00  00  00  00  00  00 | 00  00  00  00  00  00  00  00
-80-  00  00  00  00  00  00  00  00 | 00  00  00  00  00  00  00  00
-90-  00  00  00  00  00  00  00  00 | 00  00  00  00  00  00  00  00
-A0-  FF  FF  FF  FF  FF  FF  FF  FF | FF  7F  FF  FF  FF  7F  FF  FF
-B0-  FF  7F  FF  FF  FF  7F  FF  FF | FF  7F  FF  FF  FF  7F  FF  FF
-C0-  00  00  00  00  00  00  00  00 | 00  00  00  00  00  00  00  00
-D0-  FF  7F  FF  FF  FF  7F  FF  FF | FF  7F  FF  FF  FF  7F  FF  FF
-E0-  FF  7F  FF  FF  FF  7F  FF  FF | 00  00  00  00  00  00  00  00
-F0-  00  00  00  00  00  00  00  00 | 00  00  00  00  00  00  00  00


BASE Address: 0x3700
------00--01--02--03--04--05--06--07-|-08--09--0A--0B--0C--0D--0E--0F--
-------------------------------------------------------------------------
-00-  00  00  00  00  00  00  FF  FF | FF  00  00  00  00  00  00  02
-10-  00  FF  FF  FF  FF  FF  FF  00 | 00  00  02  20  00  00  FF  80
-20-  00  00  00  00  00  00  00  00 | 00  00  00  00  00  00  00  00
-30-  FF  FF  FF  FF  FF  FF  0F  02 | 00  FF  FF  12  00  00  00  02
-40-  21  52  1C  A8  39  60  00  44 | 7F  0D  03  64  07  8E  70  20
-50-  F2  B2  28  90  04  03  00  00 | 00  00  00  00  0F  FF  FF  FF
-60-  FF  00  B4  00  00  00  D5  07 | 01  05  0D  00  FF  00  00  08
-70-  00  A0  3C  FF  FF  FF  FF  11 | 01  7D  CF  27  04  36  84  F6
-80-  54  52  8E  6B  36  80  96  19 | 14  C2  31  84  9A  95  78  81
-90-  60  50  B0  A3  86  36  14  0F | 37  8C  01  00  00  00  FF  FF
-A0-  AF  39  24  2C  00  00  00  00 | 30  00  00  01  00  00  00  00
-B0-  00  06  8A  99  42  61  B5  ED | 4F  7D  63  26  40  00  78  58
-C0-  57  A3  9C  4B  32  78  B8  1E | 3C  1F  21  C4  BD  00  00  00
-D0-  0A  70  00  00  00  FF  FF  FF | 00  00  00  FF  FF  FF  00  00
-E0-  00  FF  FF  FF  90  00  00  00 | 00  00  00  00  00  00  00  00
-F0-  00  00  00  00  00  00  00  00 | 00  00  00  00  00  00  00  00


BASE Address: 0x3800
------00--01--02--03--04--05--06--07-|-08--09--0A--0B--0C--0D--0E--0F--
-------------------------------------------------------------------------
-00-  00  50  98  A8  2B  64  01  F0 | 01  60  20  42  48  05  65  F0
-10-  00  C0  01  00  C0  BF  84  07 | 00  03  00  00  00  00  94  30
-20-  00  00  00  00  00  00  FC  04 | 6C  00  FF  5F  3A  54  06  90
-30-  00  00  00  00  00  00  01  00 | 83  8F  00  E0  00  00  00  00
-40-  00  00  00  00  00  00  00  00 | 00  00  00  00  00  00  00  00
-50-  00  00  00  00  00  00  00  00 | 00  00  00  00  00  00  00  00
-60-  00  00  00  00  00  00  00  00 | 00  00  00  00  00  00  00  00
-70-  00  00  00  00  00  00  00  00 | 00  00  00  00  00  00  00  00
-80-  00  00  00  00  00  00  00  00 | 00  00  00  00  00  00  00  00
-90-  00  00  00  00  00  00  00  00 | 00  00  00  00  00  00  00  00
-A0-  00  00  00  00  00  00  00  00 | 00  00  00  00  00  00  00  00
-B0-  00  00  00  00  00  00  00  00 | 00  00  00  00  00  00  00  00
-C0-  00  00  00  00  00  00  00  00 | 00  00  00  00  00  00  00  00
-D0-  00  00  00  00  00  00  00  00 | 00  00  00  00  00  00  00  00
-E0-  00  00  00  00  00  00  00  00 | 00  00  00  00  00  00  00  00
-F0-  00  00  00  00  00  00  00  00 | 00  00  00  00  00  00  00  00


BASE Address: 0x3B00
------00--01--02--03--04--05--06--07-|-08--09--0A--0B--0C--0D--0E--0F--
-------------------------------------------------------------------------
-00-  00  00  00  00  00  00  00  00 | 00  00  00  00  00  00  00  00
-10-  00  00  00  00  00  00  00  00 | 00  00  00  00  00  00  00  00
-20-  00  00  00  00  00  00  00  00 | 00  00  00  00  00  00  00  00
-30-  00  00  00  00  00  00  00  00 | 00  00  00  00  00  00  00  00
-40-  00  00  00  00  00  00  00  00 | 00  00  00  00  00  00  00  00
-50-  00  00  00  00  00  00  00  00 | 00  00  00  00  00  00  00  00
-60-  00  00  00  00  00  00  00  00 | 00  00  00  00  00  00  00  00
-70-  00  00  00  00  00  00  00  00 | 00  00  00  00  00  00  00  00
-80-  00  00  00  00  00  00  00  00 | 00  00  00  00  00  00  00  00
-90-  00  00  00  00  00  00  00  00 | 00  00  00  00  00  00  00  00
-A0-  00  00  00  00  00  00  00  00 | 00  00  00  00  00  00  00  00
-B0-  00  00  00  00  00  00  00  00 | 00  00  00  00  00  00  00  00
-C0-  00  00  00  00  00  00  00  00 | 00  00  00  00  00  00  00  00
-D0-  00  00  00  00  00  00  00  00 | 00  00  00  00  00  00  00  00
-E0-  00  00  00  00  00  00  00  00 | 00  00  00  00  00  00  00  00
-F0-  00  00  00  00  00  00  00  00 | 00  00  00  00  00  00  00  00


BASE Address: 0x3E00
------00--01--02--03--04--05--06--07-|-08--09--0A--0B--0C--0D--0E--0F--
-------------------------------------------------------------------------
-00-  00  00  00  00  00  00  00  00 | 00  00  00  00  00  00  00  00
-10-  00  00  00  00  00  00  00  00 | 00  00  00  00  00  00  00  00
-20-  00  00  00  00  00  00  00  00 | 00  00  00  00  00  00  00  00
-30-  00  00  00  00  00  00  00  00 | 00  00  00  00  00  00  00  00
-40-  00  00  00  00  00  00  00  00 | 00  00  00  00  00  00  00  00
-50-  00  00  00  00  00  00  00  00 | 00  00  00  00  00  00  00  00
-60-  00  00  00  00  00  00  00  00 | 00  00  00  00  00  00  00  00
-70-  00  00  00  00  00  00  00  00 | 00  00  00  00  00  00  00  00
-80-  00  00  00  00  00  00  00  00 | 00  00  00  00  00  00  00  00
-90-  00  00  00  00  00  00  00  00 | 00  00  00  00  00  00  00  00
-A0-  00  00  00  00  00  00  00  00 | 00  00  00  00  00  00  00  00
-B0-  00  00  00  00  00  00  00  00 | 00  00  00  00  00  00  00  00
-C0-  00  00  00  00  00  00  00  00 | 00  00  00  00  00  00  00  00
-D0-  00  00  00  00  00  00  00  00 | 00  00  00  00  00  00  00  00
-E0-  00  00  00  00  00  00  00  00 | 00  00  00  00  00  00  00  00
-F0-  00  00  00  00  00  00  00  00 | 00  00  00  00  00  00  00  00


BASE Address: 0x3F00
------00--01--02--03--04--05--06--07-|-08--09--0A--0B--0C--0D--0E--0F--
-------------------------------------------------------------------------
-00-  00  00  00  00  00  00  00  00 | 00  00  00  00  00  00  00  00
-10-  00  00  00  00  00  00  00  00 | 00  00  00  00  00  00  00  00
-20-  00  00  00  00  00  00  00  00 | 00  00  00  00  00  00  00  00
-30-  00  00  00  00  00  00  00  00 | 00  00  00  00  00  00  00  00
-40-  00  00  00  00  00  00  00  00 | 00  00  00  00  00  00  00  00
-50-  00  00  00  00  00  00  00  00 | 00  00  00  00  00  00  00  00
-60-  00  00  00  00  00  00  00  00 | 00  00  00  00  00  00  00  00
-70-  00  00  00  00  00  00  00  00 | 00  00  00  00  00  00  00  00
-80-  00  00  00  00  00  00  00  00 | 00  00  00  00  00  00  00  00
-90-  00  00  00  00  00  00  00  00 | 00  00  00  00  00  00  00  00
-A0-  00  00  00  00  00  00  00  00 | 00  00  00  00  00  00  00  00
-B0-  00  00  00  00  00  00  00  00 | 00  00  00  00  00  00  00  00
-C0-  00  00  00  00  00  00  00  00 | 00  00  00  00  00  00  00  00
-D0-  00  00  00  00  00  00  00  00 | 00  00  00  00  00  00  00  00
-E0-  00  00  00  00  00  00  00  00 | 00  00  00  00  00  00  00  00
-F0-  00  00  00  00  00  00  00  00 | 00  00  00  00  00  00  00  00


BASE Address: 0x10900
------00--01--02--03--04--05--06--07-|-08--09--0A--0B--0C--0D--0E--0F--
-------------------------------------------------------------------------
-00-  04  00  00  00  00  00  00  00 | 00  00  00  00  00  00  00  00
-10-  00  00  00  00  00  00  00  00 | 00  00  00  00  00  00  00  00
-20-  00  00  0C  00  30  00  20  00 | 20  02  05  00  81  40  38  04
-30-  9B  00  98  08  20  0C  00  00 | 03  00  01  00  00  00  00  00
-40-  98  00  36  04  20  00  00  30 | 00  00  00  00  00  00  00  00
-50-  00  00  00  00  00  00  00  00 | 00  00  00  00  00  00  00  00
-60-  00  00  00  00  00  00  00  00 | 00  00  00  00  00  00  00  00
-70-  00  00  00  00  00  00  00  00 | 00  00  00  00  00  00  00  00
-80-  00  00  00  00  00  00  00  00 | 00  00  00  00  00  00  00  00
-90-  00  00  00  00  00  00  00  00 | 00  00  00  00  00  00  00  00
-A0-  00  00  00  00  00  00  00  00 | 00  00  00  00  00  00  00  00
-B0-  00  00  00  00  00  00  10  10 | 00  00  00  00  08  00  45  00
-C0-  00  38  32  01  00  00  00  00 | 00  00  00  30  00  00  00  40
-D0-  01  00  F7  08  30  00  00  00 | 45  00  06  00  00  00  00  00
-E0-  37  FF  00  00  00  00  00  00 | 00  00  40  40  40  00  00  00
-F0-  00  00  00  00  00  00  00  00 | 00  00  00  00  00  00  00  00


BASE Address: 0x10A00
------00--01--02--03--04--05--06--07-|-08--09--0A--0B--0C--0D--0E--0F--
-------------------------------------------------------------------------
-00-  00  00  02  00  EB  00  11  00 | 03  00  A6  12  E0  15  00  00
-10-  00  00  00  00  00  00  01  02 | 00  00  70  31  00  00  C5  81
-20-  8A  03  15  07  2A  F0  80  2C | 00  00  03  00  33  02  2F  46
-30-  00  00  00  00  80  11  00  00 | 07  07  0A  00  18  1D  1F  03
-40-  3F  0D  00  00  00  00  00  00 | 00  00  00  00  00  00  00  00
-50-  00  00  00  E3  E3  E3  00  00 | 00  00  00  00  00  00  88  04
-60-  00  00  41  0C  10  02  9B  00 | 00  00  90  BB  00  00  00  00
-70-  F7  7F  08  80  3F  60  02  00 | 03  81  02  00  17  60  00  00
-80-  0F  40  11  11  00  10  00  00 | 31  07  CD  01  0F  08  71  01
-90-  22  00  FF  2F  7F  4C  3F  50 | 00  00  00  00  00  00  01  00
-A0-  02  A0  07  31  FF  5F  7F  01 | 7F  3F  00  00  00  30  23  0F
-B0-  00  00  00  01  00  00  01  00 | 00  00  00  00  00  00  00  00
-C0-  21  07  21  00  00  00  00  00 | 00  00  00  00  00  00  00  00
-D0-  00  00  00  00  00  00  00  00 | 00  00  00  00  00  00  00  00
-E0-  00  00  00  00  00  00  00  00 | 80  00  30  FF  74  76  00  04
-F0-  F9  00  00  08  00  00  00  00 | 01  00  00  00  00  00  00  00


BASE Address: 0x11200
------00--01--02--03--04--05--06--07-|-08--09--0A--0B--0C--0D--0E--0F--
-------------------------------------------------------------------------
-00-  00  00  02  1F  00  18  10  00 | 00  00  00  00  00  FE  00  00
-10-  1F  00  FF  00  20  20  20  00 | 00  00  00  00  00  00  00  00
-20-  00  00  00  00  00  00  1F  00 | FF  00  00  00  00  00  00  00
-30-  00  00  00  00  00  00  00  00 | 00  00  00  00  00  00  00  00
-40-  1F  00  FF  FF  00  00  00  00 | 00  00  00  00  00  00  00  00
-50-  00  00  00  00  00  00  00  00 | 00  00  00  00  00  00  00  00
-60-  00  00  00  00  00  00  00  00 | 00  00  00  00  00  00  00  00
-70-  00  00  00  00  00  00  00  00 | 00  00  00  00  00  00  00  00
-80-  00  00  00  00  00  00  00  00 | 00  00  00  80  00  80  00  80
-90-  00  80  00  80  00  80  00  80 | 00  80  00  80  00  00  00  00
-A0-  00  00  00  00  02  1F  00  00 | 10  00  01  00  00  00  00  FE
-B0-  40  00  00  00  00  00  1F  00 | FF  00  00  00  1F  00  FF  00
-C0-  00  00  00  00  00  00  00  00 | 04  00  1F  00  FF  FF  00  00
-D0-  00  00  00  00  00  00  00  00 | 00  00  00  00  00  00  00  00
-E0-  00  00  00  00  00  00  00  00 | 00  00  00  00  00  00  00  00
-F0-  00  80  00  80  00  80  00  00 | 00  00  00  00  00  00  00  00


